-1.4579395166228561;0.28448964938139776;3.1572754373058207
1.6204499677457314;-0.27822197173242325;-1.4502778736748405;3.4962487795342665;0.9228453837349204;-0.8730274971546524;0.28289168836480294;-2.1776274437768905
0.5488016743532028;-1.2034766093394476
-1.1656141585291997;0.5109170940192465
0.45110244685696615;-1.5317875722063161
-0.1898690278809949;1.0006418684351672;-1.5183506891423695
0.4843033144688013;-1.2115636772798857
-0.927190263898321;0.6950310949846288
1.3438004451213341;-0.7174028958413622;0.24601185030722414;-3.2223520616005805;-0.21684250783994558;0.7740537791709254;-1.3112284928404834;1.9954323811545414;-2.1667599576585586
-0.9743298258467691;0.6546280299601457
-1.682052127806861;0.6634496063414377;-0.007079624485781203;2.3687937108002077;1.3802385708224174;-3.285114020068197;-0.7733967202312412
0.21476928457377553;-1.6223552750111905;1.2856956186746498;-0.8235219499420416;-2.731583131391357;-0.2442062408743466;0.7010203917685437;2.117061390060208;-4.47687113557918
-1.120004659177654;0.5954446794260249
0.5870783116911802;-1.0879059413628143
-0.9634313541028523;0.8025652185601105
2.9147972451707616;0.048301556292221645;-0.8486270765753614;1.525644418562113;-0.38900903351068084;0.9177102012554648;2.2073125657463333;0.4821916034510879
2.6504462008195993;-0.9028461969561323;0.47575698924881377
0.5484081789325657;-1.2279644212366323;-12.4888478776991;2.762877259054703;-0.6755310569131453;1.172238531304978;0.09070780961814619;-2.1448675699851814;-0.2712916286821456
0.19569875541489112;-0.4432139831236721;0.8289958989248294;-3.2575481025776285;1.5944674307881113;-1.920671913626383;-1.1298019432762711;3.0946653541972418
0.2869993785940303;3.12293819017321;-1.0815197620759764
-0.6892556744716649;1.1359963600043406
0.19704794239085205;-1.440814254654398;1.9166227367743602
-0.14471668270229265;0.9633823953779563;-1.5310220636710254
-0.965883068313833;0.6484502745357406
-1.1362705176228347;0.5517931335044667
0.6478749898686628;-1.1858456693850934
-1.482469664824446;0.3882226673737466
0.4854259713891152;-1.2569269220864845
0.9731687988830752;-0.5278553442391862;2.804607972316044;-1.9681166042099805;1.6751432913561157;0.40815817958660583;-1.0857675450599198;-0.04377185070006664;-3.4332983777667168
2.1827676877645135;-0.9473654218455225;0.38616640279028497
0.6571896135778259;-0.9991209226858534
0.5887497675279971;-0.91871614612816
0.49395970042741516;-1.238491398287682
0.5971365924712004;-0.9309372601437905
3.511750376960469;-0.141881156124232
0.5592723440734463;-0.9961269773431072
-0.52342357628932;-2.1152833926209405;2.471796178585706;0.5566385867586725
-0.5568117506153892;0.5217009441069254;2.08609607567078;-2.1632860446635607
0.8760416112617564;-0.8150307009145873
-2.9836395435908933;0.024882269210033406;-1.009906196906869;2.5984258638745903;0.8687087617401297
-1.4082223665661597;0.42622355100152653
-1.3451808602107886;0.44431345462830046
0.6033538351034299;-1.0599703124440758
0.38806134412555365;-1.5856762635453177
0.6159421673075262;-1.0190667645854892
0.47823925091621755;-1.3063833521264123
-0.6824567097348991;1.025437182173202;0.11994783236024216;-3.2145290996928315;-2.0591979736281902;1.6770264291099317;0.5415825939146398;-0.2547939553511857;-1.2279483811399403
0.4235371049059578;-1.4343114478592918
0.6913815891014623;-1.0443065554584956
0.20177760626445573;-0.2968738453101677;1.335569277103749;-2.1350085335366495;-0.8044412456309802;2.6995355054468715;-3.321039270024882;0.7271340669746901;-1.3526366440973425
2.6804263214870274;-0.9407261336263182;0.3772946074181184
-0.9161697995923391;0.5839669575244026
0.8826963291511792;-0.740937845834692
-0.8552354904283735;0.5966738793450443;1.5038436912008988;-0.1581484086326659;-5.13640515671761;-1.7901810243615883
1.3406370321687466;-0.21860109646149606;-1.1049392877963535;0.68843411992773;-2.0407401427271963;2.427163018383988;0.22207840819727986;-0.6459981729902331
0.5222148938189672;-1.2282361988634642
-0.027934331715152933;-1.5091640834724123;2.8027907528710285;-2.6583344521899597;-0.6819323133090548;1.3121812353771647;0.554682603074442
-1.0837042740484566;0.5969717778584044
-0.6161416937482482;0.7882326036579321;0.14293288262608092;-1.5692594892028136;-3.0708487715688424;1.9289158349354592
-1.2197620941049376;-0.054970234902743664;1.20039875349061;4.082034403723585;-2.3620059567003153;-0.6228143980455164;0.502861766716011;2.3326846917261443
0.5310179937557513;-1.1316613324602827
-1.1974152507225007;0.5112783979117035
0.523919364327497;-1.016021018096651
0.8259470690316815;-0.7866948931332448
0.5108493378556909;-1.2143554769724973
0.6703343237035637;-0.9668304710628072
0.8777246054218795;-1.5092706141846666;0.2139245338405808;-8.431897434167901;-0.4370348428712242;2.055540893913701
0.49159485851129636;-1.1577515301755614
-0.5196930257983075;1.4424777951646466
0.4272092901360298;-1.3304946877953432
0.48781852822789085;-1.2348271563204318
-0.799966331908049;1.73154065678377;-3.71980052775194;0.2302521338529409;2.8491064028433866;-6.976808020373335;-1.6700669872361005;-0.2689280664316921;0.8008821073402567
1.577531013923422;0.020821277342258134;-2.0915027795250114;-0.5941326513313702;0.9698049798042037;2.6444040781444276;-3.8091490508176675;0.5053119576714475;-1.346706422902137
-0.3517043409803727;0.782506205803707;-2.1497162406079706
0.6043125535419753;-1.1165767824154158
0.17579652099470688;-1.1891088874509186;0.7157666490538844;2.7641588636409367;-0.45125837940563696;-2.4272774272842397;1.3596499933399184
-1.0427450193935306;0.6031792735018318
0.3601887053938652;-2.019910722908746
0.7121957977660607;-0.8913167170322666
-0.7983120455839252;0.053202262884027345;2.257733032486309;0.8603323174877265;-2.3077153479070085
0.8318407882221301;-0.7928653745222822
0.5012081583014255;-1.2219884678604482
0.6171467774135284;-0.9997592279117621
0.5209990090291156;-1.1917444380570228
-1.437993799174674;0.3871204945505481
-0.9487986149632741;0.7109314593275643
0.5973238183747707;-0.963419260309335
0.650494376923185;-0.9496133362113907
0.7456085330317165;-0.12776267678239744;-6.62089192164482;-1.2848452810315993;2.5613241591010527
0.5922853774227373;-2.614356881868113;-1.026536055596469;1.474398279392143;-0.16004381120353747
0.5398848713384433;-0.9770879349871023
0.6897663200910954;-0.925419748614231
0.528412797718433;-1.0890015429984556
0.47291718154430074;-1.311247474275355
-1.5799107186216557;0.7263909690963721;-0.04590330792479911;-0.42793388257058107;1.916735113206205;0.3331609193656499;-2.338447426005214;-0.9264428303603329;1.194264222357966
3.515241462862135;-0.17609916927170474
-1.3131247937729849;0.4723727032660024
0.4940143029793607;-1.1755576311570668
0.6331353838520611;-0.9285145907833446
0.5534103340983128;-1.1036784984168475
1.208847177547871;-0.6598764454468293;-7.70046579595648;0.282285347699583;0.710758177446011;-0.15847358206407855;-2.201244539233254;2.227403208786773;-1.2885827468324673
-1.2886903714406635;0.4808673201493521
-1.166470308727158;0.4944073204161955
-2.2897149397996497;0.26713151593584283;0.9287111318844247;-0.44014537134900594;-1.3036324052254529;-4.049659259555776;1.9588012755116748
-1.503407067464651;0.9848823394139821;-0.15835531570647035
-0.013222443620195822;-1.3639032714573815;1.17017592083665
-0.3322863206971099;2.2615209523756397
0.586376549390148;-1.0364784332339732
0.5590108129653427;-1.1047835289265953
-0.3396097473042133;0.9848795515674251;-1.9655138272996653;1.8621203124871566;-1.0410294452409896;3.172545279090555;0.2860443606536137
-0.989036308289073;0.6683129747938703
1.7654085042846805;0.20817298161383124;-1.262873684961435
-0.29688172463958556;0.647545141014799;-5.293197633454735;-1.416390170215645;2.650784068085751;1.3105873977587807;-2.495024996466358;0.15445986748006216;-0.7806126647019656
0.5515221219155683;-1.0923409295830644
-0.5611540256126779;-2.7711465359947334;0.6658217255195948
0.47390241370837255;-1.3333346309954508
0.5279804344968526;-1.107256102158592
0.5559492954460061;-1.1751461138099324
0.6849534075069867;-0.9832404197046554
2.739669237441678;-0.9038391031470554;0.47916445113805045
1.3491826032826877;-0.4922816393799249
-1.1943328734723673;0.5615509135531566
1.775326954603416;-0.30301816297226275
0.7884306902736693;-0.837992490798019
-0.14082032121681695;3.965077308834704
0.5602885394658356;-1.30364515821394
0.6676191852705031;-0.9703149448240367
0.2832032060849063;-1.6838486528868621
0.6632475895627031;-0.9748191227716922
-1.0397872749123327;0.6728378595572585
0.543492566712322;-1.1595165335809159
-0.5470422603003975;0.9562027415033119;0.19652324295728668;-1.5431849773229223;2.1145827744279417;-3.886233753990903
0.49046860184309127;-1.1339488037223875
-1.1194356262662004;0.1398228101992853;1.5411473093239196
0.7861538895735254;-0.8679966311578786
1.6003825760333052;0.2515946648098103;-1.345146903953402;-2.3705228976232884;2.8771085245957635;-0.1783078376611402;0.7681788763779624;-5.86990072101048;-0.6727397690489338
0.5129569374337588;-1.2350111534333619
0.3645110242637143;-1.7784906675832477
0.7106433810792654;-0.9791112673917315
0.54966823246341;-1.0542184867737365
-1.151691352833488;0.5272744389184749
0.523213172168373;-1.1423729501208049
4.004774180279381;-0.8742522367375206;0.41520420553683957
0.8089439944231629;-0.8394903446302918
0.5512146511509414;-1.0617564363171481
-1.0068131556488786;0.6060251942404917
-0.630079487370108;0.994543586878989
0.54747839923323;-1.9840010910817112;3.9692622614641873;-0.17518775616924145;1.4277003701735542;-0.9020689954563501
0.6124238612324757;-1.0286547092139344
0.33832901969866114;-0.6297802903365879;-2.1841450125625617;1.5519577409877572;-0.12322227833275307;-1.322967506940817;2.9521290366360566;-4.3126925744556655;0.8334024064809233
-0.8933565830506106;0.7479972620814636
-1.005844423820042;0.6654647201693944
-0.8773475532576357;0.732228946070331
0.5501435697656542;-1.2848904835327462
-1.0039793907884311;0.6885048168249065
0.4580428584851439;-1.3156371401710574
-1.1297836097461702;0.5562472331599346
-1.0606241514373473;0.5770183106231427
0.7606849939994502;-0.9195204009259083
-1.1244296015810982;0.5139030729763714
-1.2446515067191561;0.5324546507678904
-0.8122966478048229;0.9151595556547109
-0.469656362096513;1.3909224612121236;-7.164082250749237;0.050849514974399546;-2.1926991709600534;0.5539007497973685;2.6107629962157723;-1.1516633696486351
1.0692701835548803;-0.6981206952042016
2.1753798699465436;-0.002865127934239162;0.8501524523191464;-1.9152500339074081;-0.8104807823123339
-0.8788646077824516;0.7456462308438943
0.6951906790589804;-0.9522357165108728
-0.06014398171485823;1.6320081278555172;-2.13239690572958;0.42834776365784266;-1.321360434445791;0.9714256017513012;-0.6106533861999265;-4.220403141980056;3.123552316136806
-1.5092996669823984;0.3844710396416993
0.6716612088471089;-0.9433878363925462
-1.1611924912345188;3.278238934077885;0.44591303249255787
0.2973727877693832;-1.0383420465843782;2.1096995193133092
2.660638481704985;-1.1400795872090843;0.23509116324566603
0.5013459940372629;-1.3170640932402367
0.797057951238739;-0.8756595979686003
-0.6359414299760986;0.5556158568189433;-2.8101660298168163;2.700535336596176
-2.607581658665606;0.9856705453023411;-0.4896254625773544;2.4155340289270697;-1.351026112790571;0.22199782336299437
-1.1257347350192686;0.5379390868214949
0.5684491010133054;-1.1501924754543704
-2.536281183776621;-0.20669465455457595;1.3530168675841974;-1.756548919591028;0.22320016796828399;2.074902544672566;0.7448257417123337;-0.6324936182974606;-1.1184592148557448
0.7028317715700712;-0.9758448196858253
0.79324839954362;-0.189821545930002;-1.491118942009418;3.353009579567308
0.4471598353424568;-0.7431105333115466;2.670440907248001;1.2988666435520158;-0.1354184257563337;-1.5444831610185827;-3.052169538762313
0.7932514385848122;-0.879757463546482
0.4697218239849497;-1.260322524824406
1.9077123631453918;-0.2913656931876746
0.689171083228743;-1.2323839483554218;-0.19311962235661656;1.7952356078450238;-0.6645887967521561;-2.128015861828177;3.611627840065997;0.23375237709044794;1.106838043995832
-0.11190565615354238;-0.9475002368792732;1.9712961912536582;0.7588308651959101;-2.087547735118639
0.5420026725806016;-1.0879087255613655
0.06517782528575435;-1.6173528105654797;1.396020272861107;-0.44080127871596175;0.8500673644808671;-2.5035754038540583;0.4388312716559594;2.4389795581014426;-1.0044294372727718
0.6373377597913361;-0.93726222615469
2.8072721098941447;0.3424965567627708;-1.0343835289467838
-0.8361159248126424;0.6363994617446952
5.166171805986435;-0.16845082651608748
0.6638906805093389;-0.9825535489136298
-0.929856790292181;0.6900550430309376
0.7178455191793899;-0.9397081274048399
-0.6933628141118036;1.9791543456650686;0.7471229832270252;2.7664260859085594;-0.09141883117178402;3.744951149299523;1.193381452749621;0.27540653647319246;-0.3697863917876174
-1.1172250658435166;0.5669730332222819
0.4666752993223577;-1.3585936163100218
0.4291159395234309;-1.3012519741479298
0.11203278481470876;-2.195828973287729;0.8477599594150443;-5.140543782599914;-0.7388464365930908;2.2117193258549053
-0.9998876198555792;0.6147008914363249
0.5909342447000446;-1.2097607640374632
-0.9356368587334597;0.7244646222451588
0.510387899544877;-1.2809658301281646
3.414170231247062;-0.9104645838324932;0.340168551115442
2.564447791834711;-1.0339146692331909;1.0483480880288225;-0.30507892745809356;-11.5159485479891;0.3257251192787241;-2.184772860768501
0.5196458975307334;-1.1602266670665742
-1.0261519333977558;0.5730399993811257
0.4938643206998931;-1.2558631978625177
0.4332076758799188;-1.3566556921287907
-1.2378611946584388;0.5038110632110712
-1.0087571624663019;0.6081818976255425
-0.39384182612711055;0.9756523798540717;-2.7428624946844495;0.25547340010519826;-1.2599830506671426;2.1768306003166202
-1.3051059930124067;0.4458683426898904
-0.9402200468109821;0.6338578733194521
0.6833044109761229;-1.0128776881014143
-1.5678786037962638;0.8011635115812614;-0.43836695184364854;1.4996396560120793;0.37014760109114947;-2.437788592236201;-0.8905730743014244;2.5201689747269054;-0.03315520098511614
0.5185238394021057;-1.2655700814237112
-0.7975794742311495;0.9667546590055784
