-3.825574750257,-3.0102367375418932;-3.0102367375418932,-2.194898724826786;-2.194898724826786,-1.3795607121116786;-1.3795607121116786,-0.5642226993965718;-0.5642226993965718,0.2511153133185351;0.2511153133185351,1.0664533260336428;1.0664533260336428,1.8817913387487497;1.8817913387487497,2.6971293514638566;2.6971293514638566,3.5124673641789634;3.5124673641789634,4.32780537689407
-2.85781119277779,-2.100866286716549;-2.100866286716549,-1.343921380655308;-1.343921380655308,-0.5869764745940671;-0.5869764745940671,0.16996843146717389;0.16996843146717389,0.9269133375284149;0.9269133375284149,1.6838582435896559;1.6838582435896559,2.440803149650897;2.440803149650897,3.197748055712138;3.197748055712138,3.954692961773379;3.954692961773379,4.71163786783462
-4.06782880157051,-3.469884184811737;-3.469884184811737,-2.871939568052964;-2.871939568052964,-2.273994951294191;-2.273994951294191,-1.676050334535418;-1.676050334535418,-1.078105717776645;-1.078105717776645,-0.4801611010178721;-0.4801611010178721,0.11778351574090085;0.11778351574090085,0.7157281324996738;0.7157281324996738,1.3136727492584468;1.3136727492584468,1.91161736601722
-5.70930273913846,-4.819799551155518;-4.819799551155518,-3.930296363172576;-3.930296363172576,-3.040793175189634;-3.040793175189634,-2.151289987206692;-2.151289987206692,-1.2617867992237501;-1.2617867992237501,-0.37228361124080855;-0.37228361124080855,0.5172195767421339;0.5172195767421339,1.4067227647250755;1.4067227647250755,2.296225952708017;2.296225952708017,3.18572914069096
-4.44055683827531,-3.800486391699896;-3.800486391699896,-3.1604159451244818;-3.1604159451244818,-2.5203454985490676;-2.5203454985490676,-1.880275051973654;-1.880275051973654,-1.2402046053982403;-1.2402046053982403,-0.6001341588228262;-0.6001341588228262,0.03993628775258795;0.03993628775258795,0.6800067343280016;0.6800067343280016,1.3200771809034153;1.3200771809034153,1.96014762747883
-3.31306168291633,-2.764516557584993;-2.764516557584993,-2.215971432253656;-2.215971432253656,-1.6674263069223192;-1.6674263069223192,-1.1188811815909823;-1.1188811815909823,-0.5703360562596451;-0.5703360562596451,-0.021790930928308416;-0.021790930928308416,0.5267541944030283;0.5267541944030283,1.0752993197343654;1.0752993197343654,1.6238444450657026;1.6238444450657026,2.17238957039704
-7.05960209612205,-5.996812334608842;-5.996812334608842,-4.934022573095634;-4.934022573095634,-3.8712328115824257;-3.8712328115824257,-2.8084430500692177;-2.8084430500692177,-1.7456532885560092;-1.7456532885560092,-0.6828635270428016;-0.6828635270428016,0.37992623447040597;0.37992623447040597,1.4427159959836144;1.4427159959836144,2.505505757496823;2.505505757496823,3.56829551901003
-3.71322894773721,-3.001233745186524;-3.001233745186524,-2.2892385426358377;-2.2892385426358377,-1.5772433400851518;-1.5772433400851518,-0.8652481375344658;-0.8652481375344658,-0.1532529349837799;-0.1532529349837799,0.5587422675669065;0.5587422675669065,1.270737470117592;1.270737470117592,1.9827326726682784;1.9827326726682784,2.6947278752189647;2.6947278752189647,3.40672307776965
-3.93941301752082,-3.263755553940095;-3.263755553940095,-2.58809809035937;-2.58809809035937,-1.9124406267786451;-1.9124406267786451,-1.23678316319792;-1.23678316319792,-0.5611256996171949;-0.5611256996171949,0.11453176396352971;0.11453176396352971,0.7901892275442548;0.7901892275442548,1.46584669112498;1.46584669112498,2.141504154705705;2.141504154705705,2.81716161828643
-3.54885600195219,-2.800960822056341;-2.800960822056341,-2.053065642160492;-2.053065642160492,-1.305170462264643;-1.305170462264643,-0.5572752823687939;-0.5572752823687939,0.19061989752705522;0.19061989752705522,0.9385150774229043;0.9385150774229043,1.6864102573187534;1.6864102573187534,2.4343054372146025;2.4343054372146025,3.1822006171104515;3.1822006171104515,3.9300957970063
-5.01359934835557,-4.2236369223803845;-4.2236369223803845,-3.433674496405198;-3.433674496405198,-2.643712070430012;-2.643712070430012,-1.853749644454826;-1.853749644454826,-1.0637872184796402;-1.0637872184796402,-0.27382479250445346;-0.27382479250445346,0.5161376334707324;0.5161376334707324,1.3061000594459182;1.3061000594459182,2.096062485421104;2.096062485421104,2.88602491139629
-4.48710962808566,-3.7491079189539853;-3.7491079189539853,-3.01110620982231;-3.01110620982231,-2.2731045006906347;-2.2731045006906347,-1.53510279155896;-1.53510279155896,-0.7971010824272851;-0.7971010824272851,-0.059099373295609325;-0.059099373295609325,0.6789023358360655;0.6789023358360655,1.4169040449677404;1.4169040449677404,2.154905754099415;2.154905754099415,2.89290746323109
-4.02294636136913,-3.342557900594584;-3.342557900594584,-2.662169439820038;-2.662169439820038,-1.9817809790454923;-1.9817809790454923,-1.301392518270946;-1.301392518270946,-0.6210040574963998;-0.6210040574963998,0.05938440327814565;0.05938440327814565,0.7397728640526919;0.7397728640526919,1.4201613248272382;1.4201613248272382,2.1005497856017845;2.1005497856017845,2.78093824637633
-4.14104763259007,-3.4160042058739224;-3.4160042058739224,-2.6909607791577757;-2.6909607791577757,-1.965917352441629;-1.965917352441629,-1.2408739257254817;-1.2408739257254817,-0.5158304990093345;-0.5158304990093345,0.20921292770681177;0.20921292770681177,0.934256354422959;0.934256354422959,1.6592997811391061;1.6592997811391061,2.3843432078552533;2.3843432078552533,3.1093866345714
-1.83458578002066,-1.474679349515794;-1.474679349515794,-1.1147729190109281;-1.1147729190109281,-0.7548664885060621;-0.7548664885060621,-0.39496005800119605;-0.39496005800119605,-0.03505362749633001;-0.03505362749633001,0.3248528030085358;0.3248528030085358,0.6847592335134018;0.6847592335134018,1.0446656640182679;1.0446656640182679,1.404572094523134;1.404572094523134,1.764478525028
-0.848627076575358,-0.3956653672620121;-0.3956653672620121,0.057296342051333715;0.057296342051333715,0.5102580513646796;0.5102580513646796,0.9632197606780254;0.9632197606780254,1.416181469991371;1.416181469991371,1.869143179304717;1.869143179304717,2.3221048886180626;2.3221048886180626,2.7750665979314086;2.7750665979314086,3.228028307244754;3.228028307244754,3.6809900165581
-5.0517804428431,-4.063103071217328;-4.063103071217328,-3.074425699591556;-3.074425699591556,-2.085748327965784;-2.085748327965784,-1.097070956340012;-1.097070956340012,-0.1083935847142401;-0.1083935847142401,0.8802837869115319;0.8802837869115319,1.8689611585373038;1.8689611585373038,2.857638530163076;2.857638530163076,3.8463159017888486;3.8463159017888486,4.83499327341462
-12.4888478776991,-10.815463992386476;-10.815463992386476,-9.142080107073852;-9.142080107073852,-7.468696221761229;-7.468696221761229,-5.795312336448605;-5.795312336448605,-4.121928451135981;-4.121928451135981,-2.448544565823358;-2.448544565823358,-0.7751606805107336;-0.7751606805107336,0.8982232048018908;0.8982232048018908,2.571607090114515;2.571607090114515,4.24499097542714
-4.13607762047691,-3.3153877854404903;-3.3153877854404903,-2.4946979504040705;-2.4946979504040705,-1.6740081153676503;-1.6740081153676503,-0.8533182803312305;-0.8533182803312305,-0.03262844529481068;-0.03262844529481068,0.7880613897416096;0.7880613897416096,1.608751224778029;1.608751224778029,2.429441059814449;2.429441059814449,3.2501308948508694;3.2501308948508694,4.07082072988729
-5.01777903449512,-4.022836665865296;-4.022836665865296,-3.0278942972354717;-3.0278942972354717,-2.032951928605648;-2.032951928605648,-1.0380095599758241;-1.0380095599758241,-0.04306719134600012;-0.04306719134600012,0.9518751772838234;0.9518751772838234,1.9468175459136479;1.9468175459136479,2.9417599145434714;2.9417599145434714,3.936702283173296;3.936702283173296,4.93164465180312
-0.989632806692973,-0.6188165002607398;-0.6188165002607398,-0.24800019382850647;-0.24800019382850647,0.12281611260372671;0.12281611260372671,0.4936324190359601;0.4936324190359601,0.8644487254681935;0.8644487254681935,1.2352650319004264;1.2352650319004264,1.6060813383326598;1.6060813383326598,1.9768976447648932;1.9768976447648932,2.3477139511971266;2.3477139511971266,2.71853025762936
-3.20281683420023,-2.475871106824757;-2.475871106824757,-1.748925379449284;-1.748925379449284,-1.021979652073811;-1.021979652073811,-0.295033924698338;-0.295033924698338,0.4319118026771349;0.4319118026771349,1.1588575300526083;1.1588575300526083,1.8858032574280807;1.8858032574280807,2.612748984803554;2.612748984803554,3.3396947121790275;3.3396947121790275,4.0666404395545
-5.03556677236227,-4.265691032225988;-4.265691032225988,-3.495815292089706;-3.495815292089706,-2.7259395519534237;-2.7259395519534237,-1.9560638118171418;-1.9560638118171418,-1.18618807168086;-1.18618807168086,-0.41631233154457714;-0.41631233154457714,0.35356340859170476;0.35356340859170476,1.1234391487279867;1.1234391487279867,1.8933148888642686;1.8933148888642686,2.66319062900055
-3.83393725943706,-3.246404256248621;-3.246404256248621,-2.658871253060182;-2.658871253060182,-2.0713382498717428;-2.0713382498717428,-1.4838052466833038;-1.4838052466833038,-0.8962722434948649;-0.8962722434948649,-0.3087392403064255;-0.3087392403064255,0.27879376288201296;0.27879376288201296,0.8663267660704523;0.8663267660704523,1.4538597692588917;1.4538597692588917,2.04139277244733
-4.64478451065404,-3.9297257352628354;-3.9297257352628354,-3.2146669598716304;-3.2146669598716304,-2.499608184480425;-2.499608184480425,-1.78454940908922;-1.78454940908922,-1.069490633698015;-1.069490633698015,-0.35443185830680957;-0.35443185830680957,0.360626917084395;0.360626917084395,1.0756856924756004;1.0756856924756004,1.7907444678668059;1.7907444678668059,2.50580324325801
-2.18055576823943,-1.73673119307843;-1.73673119307843,-1.29290661791743;-1.29290661791743,-0.8490820427564301;-0.8490820427564301,-0.40525746759543013;-0.40525746759543013,0.0385671075655698;0.0385671075655698,0.48239168272656974;0.48239168272656974,0.9262162578875697;0.9262162578875697,1.3700408330485696;1.3700408330485696,1.8138654082095695;1.8138654082095695,2.25768998337057
-5.29532140942125,-4.442708928936861;-4.442708928936861,-3.590096448452472;-3.590096448452472,-2.7374839679680827;-2.7374839679680827,-1.8848714874836938;-1.8848714874836938,-1.032259006999305;-1.032259006999305,-0.1796465265149152;-0.1796465265149152,0.6729659539694737;0.6729659539694737,1.5255784344538625;1.5255784344538625,2.3781909149382514;2.3781909149382514,3.23080339542264
-5.10236623159344,-4.2382314575076405;-4.2382314575076405,-3.37409668342184;-3.37409668342184,-2.50996190933604;-2.50996190933604,-1.64582713525024;-1.64582713525024,-0.7816923611644402;-0.7816923611644402,0.08244241292136056;0.08244241292136056,0.9465771870071604;0.9465771870071604,1.8107119610929603;1.8107119610929603,2.67484673517876;2.67484673517876,3.53898150926456
-4.04323091696245,-3.272346544353163;-3.272346544353163,-2.501462171743876;-2.501462171743876,-1.7305777991345894;-1.7305777991345894,-0.9596934265253023;-0.9596934265253023,-0.1888090539160152;-0.1888090539160152,0.5820753186932714;0.5820753186932714,1.3529596913025586;1.3529596913025586,2.1238440639118457;2.1238440639118457,2.8947284365211328;2.8947284365211328,3.66561280913042
-2.6316099977298,-1.7622639175030241;-1.7622639175030241,-0.8929178372762478;-0.8929178372762478,-0.023571757049471564;-0.023571757049471564,0.8457743231773045;0.8457743231773045,1.7151204034040806;1.7151204034040806,2.584466483630857;2.584466483630857,3.4538125638576327;3.4538125638576327,4.323158644084409;4.323158644084409,5.192504724311186;5.192504724311186,6.06185080453796
-3.06797761837549,-2.447771649371246;-2.447771649371246,-1.827565680367002;-1.827565680367002,-1.2073597113627579;-1.2073597113627579,-0.587153742358514;-0.587153742358514,0.03305222664572982;0.03305222664572982,0.6532581956499741;0.6532581956499741,1.2734641646542175;1.2734641646542175,1.8936701336584618;1.8936701336584618,2.513876102662706;2.513876102662706,3.13408207166695
-9.28147706600667,-8.074590706066283;-8.074590706066283,-6.8677043461258975;-6.8677043461258975,-5.660817986185512;-5.660817986185512,-4.453931626245126;-4.453931626245126,-3.24704526630474;-3.24704526630474,-2.040158906364354;-2.040158906364354,-0.8332725464239683;-0.8332725464239683,0.37361381351641754;0.37361381351641754,1.5805001734568034;1.5805001734568034,2.78738653339719
-5.27357513477939,-4.387946835977494;-4.387946835977494,-3.5023185371755963;-3.5023185371755963,-2.6166902383736996;-2.6166902383736996,-1.7310619395718025;-1.7310619395718025,-0.8454336407699055;-0.8454336407699055,0.04019465803199118;0.04019465803199118,0.9258229568338887;0.9258229568338887,1.8114512556357854;1.8114512556357854,2.697079554437682;2.697079554437682,3.58270785323958
-6.40156688010487,-5.363019308696632;-5.363019308696632,-4.324471737288396;-4.324471737288396,-3.2859241658801586;-3.2859241658801586,-2.2473765944719215;-2.2473765944719215,-1.208829023063684;-1.208829023063684,-0.1702814516554474;-0.1702814516554474,0.8682661197527892;0.8682661197527892,1.9068136911610267;1.9068136911610267,2.9453612625692642;2.9453612625692642,3.9839088339775
-4.85944097036163,-3.802125846034673;-3.802125846034673,-2.744810721707716;-2.744810721707716,-1.6874955973807588;-1.6874955973807588,-0.6301804730538016;-0.6301804730538016,0.4271346512731551;0.4271346512731551,1.4844497756001127;1.4844497756001127,2.5417648999270703;2.5417648999270703,3.599080024254027;3.599080024254027,4.656395148580984;4.656395148580984,5.71371027290794
-8.75984208034986,-7.664882949600913;-7.664882949600913,-6.569923818851967;-6.569923818851967,-5.474964688103022;-5.474964688103022,-4.3800055573540755;-4.3800055573540755,-3.2850464266051294;-3.2850464266051294,-2.190087295856184;-2.190087295856184,-1.095128165107238;-1.095128165107238,-0.00016903435829185298;-0.00016903435829185298,1.0947900963906534;1.0947900963906534,2.1897492271396
-4.71653373440814,-3.8848176647637707;-3.8848176647637707,-3.0531015951194016;-3.0531015951194016,-2.221385525475033;-2.221385525475033,-1.389669455830664;-1.389669455830664,-0.5579533861862949;-0.5579533861862949,0.27376268345807375;0.27376268345807375,1.1054787531024433;1.1054787531024433,1.9371948227468119;1.9371948227468119,2.7689108923911805;2.7689108923911805,3.60062696203555
-5.68099031596079,-4.760656057434856;-4.760656057434856,-3.8403217989089224;-3.8403217989089224,-2.919987540382988;-2.919987540382988,-1.999653281857054;-1.999653281857054,-1.07931902333112;-1.07931902333112,-0.15898476480518564;-0.15898476480518564,0.7613494937207479;0.7613494937207479,1.6816837522466823;1.6816837522466823,2.6020180107726167;2.6020180107726167,3.52235226929855
-1.58040487532923,-1.1500912363092448;-1.1500912363092448,-0.7197775972892599;-0.7197775972892599,-0.28946395826927485;-0.28946395826927485,0.14084968075071003;0.14084968075071003,0.5711633197706949;0.5711633197706949,1.0014769587906802;1.0014769587906802,1.431790597810665;1.431790597810665,1.86210423683065;1.86210423683065,2.292417875850635;2.292417875850635,2.72273151487062
-4.26925108177623,-3.4120577436496498;-3.4120577436496498,-2.5548644055230696;-2.5548644055230696,-1.6976710673964899;-1.6976710673964899,-0.8404777292699097;-0.8404777292699097,0.01671560885667045;0.01671560885667045,0.8739089469832502;0.8739089469832502,1.7311022851098308;1.7311022851098308,2.5882956232364105;2.5882956232364105,3.44548896136299;3.44548896136299,4.30268229948957
-4.11098927005469,-3.519886157893975;-3.519886157893975,-2.92878304573326;-2.92878304573326,-2.3376799335725447;-2.3376799335725447,-1.7465768214118298;-1.7465768214118298,-1.155473709251115;-1.155473709251115,-0.5643705970903996;-0.5643705970903996,0.026732515070315266;0.026732515070315266,0.6178356272310301;0.6178356272310301,1.208938739391745;1.208938739391745,1.80004185155246
-4.00741815412832,-3.4145960002115423;-3.4145960002115423,-2.8217738462947644;-2.8217738462947644,-2.228951692377986;-2.228951692377986,-1.636129538461208;-1.636129538461208,-1.04330738454443;-1.04330738454443,-0.45048523062765167;-0.45048523062765167,0.14233692328912628;0.14233692328912628,0.7351590772059042;0.7351590772059042,1.3279812311226822;1.3279812311226822,1.92080338503946
-4.51460249249567,-3.806213308984263;-3.806213308984263,-3.0978241254728562;-3.0978241254728562,-2.389434941961449;-2.389434941961449,-1.681045758450042;-1.681045758450042,-0.9726565749386351;-0.9726565749386351,-0.26426739142722777;-0.26426739142722777,0.4441217920841787;0.4441217920841787,1.152510975595586;1.152510975595586,1.8609001591069934;1.8609001591069934,2.5692893426184
-4.84675517114738,-4.181532286970133;-4.181532286970133,-3.516309402792886;-3.516309402792886,-2.851086518615639;-2.851086518615639,-2.185863634438392;-2.185863634438392,-1.520640750261145;-1.520640750261145,-0.855417866083898;-0.855417866083898,-0.19019498190665107;-0.19019498190665107,0.4750279022705959;0.4750279022705959,1.1402507864478428;1.1402507864478428,1.80547367062509
-3.11171343186827,-2.436760822999566;-2.436760822999566,-1.7618082141308622;-1.7618082141308622,-1.0868556052621585;-1.0868556052621585,-0.4119029963934544;-0.4119029963934544,0.2630496124752497;0.2630496124752497,0.938002221343953;0.938002221343953,1.612954830212657;1.612954830212657,2.287907439081361;2.287907439081361,2.9628600479500653;2.9628600479500653,3.63781265681877
-4.87300234184156,-4.189743803053905;-4.189743803053905,-3.50648526426625;-3.50648526426625,-2.8232267254785945;-2.8232267254785945,-2.1399681866909397;-2.1399681866909397,-1.4567096479032848;-1.4567096479032848,-0.7734511091156291;-0.7734511091156291,-0.09019257032797423;-0.09019257032797423,0.5930659684596806;0.5930659684596806,1.2763245072473355;1.2763245072473355,1.95958304603499
-4.31908428658247,-3.66222453509278;-3.66222453509278,-3.00536478360309;-3.00536478360309,-2.3485050321134;-2.3485050321134,-1.69164528062371;-1.69164528062371,-1.03478552913402;-1.03478552913402,-0.37792577764432966;-0.37792577764432966,0.27893397384536023;0.27893397384536023,0.9357937253350501;0.9357937253350501,1.59265347682474;1.59265347682474,2.24951322831443
-5.59970463418352,-4.8635793211903176;-4.8635793211903176,-4.127454008197116;-4.127454008197116,-3.3913286952039137;-3.3913286952039137,-2.6552033822107117;-2.6552033822107117,-1.9190780692175098;-1.9190780692175098,-1.1829527562243074;-1.1829527562243074,-0.4468274432311059;-0.4468274432311059,0.2892978697620965;0.2892978697620965,1.0254231827552989;1.0254231827552989,1.7615484957485
-3.4914977532087,-2.891140655282502;-2.891140655282502,-2.2907835573563045;-2.2907835573563045,-1.6904264594301064;-1.6904264594301064,-1.0900693615039083;-1.0900693615039083,-0.48971226357771025;-0.48971226357771025,0.11064483434848738;0.11064483434848738,0.7110019322746859;0.7110019322746859,1.3113590302008835;1.3113590302008835,1.9117161281270811;1.9117161281270811,2.51207322605328
-4.19854982028543,-3.4149480929301967;-3.4149480929301967,-2.631346365574964;-2.631346365574964,-1.847744638219731;-1.847744638219731,-1.064142910864498;-1.064142910864498,-0.28054118350926505;-0.28054118350926505,0.5030605438459679;0.5030605438459679,1.2866622712012008;1.2866622712012008,2.0702639985564337;2.0702639985564337,2.8538657259116667;2.8538657259116667,3.6374674532669
-2.56464139968128,-1.870014019922271;-1.870014019922271,-1.175386640163262;-1.175386640163262,-0.48075926040425276;-0.48075926040425276,0.21386811935475603;0.21386811935475603,0.9084954991137648;0.9084954991137648,1.6031228788727745;1.6031228788727745,2.2977502586317833;2.2977502586317833,2.992377638390792;2.992377638390792,3.687005018149801;3.687005018149801,4.38163239790881
-8.45039181006452,-7.3721929993735;-7.3721929993735,-6.293994188682478;-6.293994188682478,-5.215795377991457;-5.215795377991457,-4.137596567300436;-4.137596567300436,-3.0593977566094157;-3.0593977566094157,-1.9811989459183943;-1.9811989459183943,-0.9030001352273729;-0.9030001352273729,0.17519867546364765;0.17519867546364765,1.2533974861546682;1.2533974861546682,2.33159629684569
-1.88403091632708,-1.437729463350657;-1.437729463350657,-0.9914280103742341;-0.9914280103742341,-0.5451265573978112;-0.5451265573978112,-0.09882510442138814;-0.09882510442138814,0.34747634855503495;0.34747634855503495,0.7937778015314576;0.7937778015314576,1.2400792545078807;1.2400792545078807,1.6863807074843038;1.6863807074843038,2.1326821604607265;2.1326821604607265,2.57898361343715
-5.2096906265502,-4.438925686669524;-4.438925686669524,-3.6681607467888484;-3.6681607467888484,-2.8973958069081727;-2.8973958069081727,-2.1266308670274965;-2.1266308670274965,-1.3558659271468203;-1.3558659271468203,-0.585100987266145;-0.585100987266145,0.18566395261453117;0.18566395261453117,0.9564288924952074;0.9564288924952074,1.7271938323758835;1.7271938323758835,2.49795877225656
-3.19743752479127,-2.5606894835224088;-2.5606894835224088,-1.923941442253548;-1.923941442253548,-1.287193400984687;-1.287193400984687,-0.650445359715826;-0.650445359715826,-0.013697318446964868;-0.013697318446964868,0.6230507228218958;0.6230507228218958,1.2597987640907569;1.2597987640907569,1.896546805359618;1.896546805359618,2.533294846628479;2.533294846628479,3.17004288789734
-4.67576764785158,-3.9660601798740567;-3.9660601798740567,-3.256352711896534;-3.256352711896534,-2.546645243919011;-2.546645243919011,-1.8369377759414878;-1.8369377759414878,-1.1272303079639645;-1.1272303079639645,-0.41752283998644213;-0.41752283998644213,0.29218462799108114;0.29218462799108114,1.0018920959686044;1.0018920959686044,1.7115995639461277;1.7115995639461277,2.42130703192365
-4.45237528244659,-3.6204367679009537;-3.6204367679009537,-2.7884982533553178;-2.7884982533553178,-1.9565597388096823;-1.9565597388096823,-1.1246212242640463;-1.1246212242640463,-0.29268270971841037;-0.29268270971841037,0.5392558048272251;0.5392558048272251,1.3711943193728615;1.3711943193728615,2.203132833918497;2.203132833918497,3.0350713484641325;3.0350713484641325,3.86700986300977
-5.25440598833806,-4.4656652731397894;-4.4656652731397894,-3.6769245579415197;-3.6769245579415197,-2.88818384274325;-2.88818384274325,-2.09944312754498;-2.09944312754498,-1.3107024123467097;-1.3107024123467097,-0.5219616971484404;-0.5219616971484404,0.26677901804982973;0.26677901804982973,1.0555197332481;1.0555197332481,1.84426044844637;1.84426044844637,2.63300116364464
-3.92010849423351,-3.225470321670765;-3.225470321670765,-2.53083214910802;-2.53083214910802,-1.8361939765452746;-1.8361939765452746,-1.1415558039825298;-1.1415558039825298,-0.4469176314197849;-0.4469176314197849,0.24772054114296083;0.24772054114296083,0.9423587137057057;0.9423587137057057,1.6369968862684505;1.6369968862684505,2.3316350588311954;2.3316350588311954,3.02627323139394
-3.77225781234394,-2.894286819091433;-2.894286819091433,-2.0163158258389258;-2.0163158258389258,-1.138344832586419;-1.138344832586419,-0.2603738393339121;-0.2603738393339121,0.6175971539185947;0.6175971539185947,1.495568147171102;1.495568147171102,2.3735391404236084;2.3735391404236084,3.2515101336761156;3.2515101336761156,4.1294811269286225;4.1294811269286225,5.00745212018113
-5.81513786989569,-4.978698681360877;-4.978698681360877,-4.142259492826064;-4.142259492826064,-3.3058203042912506;-3.3058203042912506,-2.4693811157564376;-2.4693811157564376,-1.6329419272216246;-1.6329419272216246,-0.7965027386868115;-0.7965027386868115,0.03993644984800149;0.03993644984800149,0.8763756383828145;0.8763756383828145,1.7128148269176275;1.7128148269176275,2.54925401545244
-4.01370394470557,-3.3122199019864462;-3.3122199019864462,-2.610735859267322;-2.610735859267322,-1.9092518165481982;-1.9092518165481982,-1.2077677738290742;-1.2077677738290742,-0.5062837311099502;-0.5062837311099502,0.19520031160917384;0.19520031160917384,0.8966843543282979;0.8966843543282979,1.5981683970474219;1.5981683970474219,2.299652439766546;2.299652439766546,3.00113648248567
-8.88158891725163,-7.736916569863423;-7.736916569863423,-6.592244222475216;-6.592244222475216,-5.447571875087009;-5.447571875087009,-4.302899527698802;-4.302899527698802,-3.158227180310595;-3.158227180310595,-2.013554832922388;-2.013554832922388,-0.868882485534181;-0.868882485534181,0.275789861854026;0.275789861854026,1.420462209242233;1.420462209242233,2.56513455663044
-1.75947624114579,-1.325042917504186;-1.325042917504186,-0.890609593862582;-0.890609593862582,-0.45617627022097795;-0.45617627022097795,-0.021742946579373923;-0.021742946579373923,0.4126903770622301;0.4126903770622301,0.8471237007038341;0.8471237007038341,1.2815570243454382;1.2815570243454382,1.7159903479870422;1.7159903479870422,2.150423671628646;2.150423671628646,2.58485699527025
-3.27306116616818,-2.719505405814985;-2.719505405814985,-2.1659496454617897;-2.1659496454617897,-1.6123938851085946;-1.6123938851085946,-1.0588381247553995;-1.0588381247553995,-0.5052823644022046;-0.5052823644022046,0.04827339595099067;0.04827339595099067,0.601829156304186;0.601829156304186,1.1553849166573809;1.1553849166573809,1.7089406770105757;1.7089406770105757,2.26249643736377
-3.4853935442566,-2.7125359368055317;-2.7125359368055317,-1.939678329354464;-1.939678329354464,-1.1668207219033961;-1.1668207219033961,-0.3939631144523279;-0.3939631144523279,0.37889449299874034;0.37889449299874034,1.1517521004498077;1.1517521004498077,1.924609707900876;1.924609707900876,2.697467315351944;2.697467315351944,3.4703249228030124;3.4703249228030124,4.24318253025408
-9.50554668241136,-8.266073865443259;-8.266073865443259,-7.026601048475158;-7.026601048475158,-5.787128231507058;-5.787128231507058,-4.547655414538957;-4.547655414538957,-3.3081825975708554;-3.3081825975708554,-2.068709780602755;-2.068709780602755,-0.8292369636346546;-0.8292369636346546,0.4102358533334467;0.4102358533334467,1.649708670301548;1.649708670301548,2.88918148726965
-3.88198651827309,-3.0425319457286193;-3.0425319457286193,-2.203077373184148;-2.203077373184148,-1.3636228006396771;-1.3636228006396771,-0.5241682280952062;-0.5241682280952062,0.3152863444492646;0.3152863444492646,1.154740916993736;1.154740916993736,1.9941954895382064;1.9941954895382064,2.8336500620826777;2.8336500620826777,3.673104634627149;3.673104634627149,4.51255920717162
-0.961982253450864,-0.3941928232676436;-0.3941928232676436,0.17359660691557677;0.17359660691557677,0.741386037098797;0.741386037098797,1.3091754672820175;1.3091754672820175,1.876964897465238;1.876964897465238,2.4447543276484582;2.4447543276484582,3.0125437578316783;3.0125437578316783,3.580333188014899;3.580333188014899,4.148122618198119;4.148122618198119,4.71591204838134
-5.33930405458716,-4.555266217631295;-4.555266217631295,-3.77122838067543;-3.77122838067543,-2.9871905437195654;-2.9871905437195654,-2.2031527067637002;-2.2031527067637002,-1.419114869807835;-1.419114869807835,-0.6350770328519708;-0.6350770328519708,0.14896080410389434;0.14896080410389434,0.9329986410597595;0.9329986410597595,1.7170364780156246;1.7170364780156246,2.50107431497149
-5.26506248354706,-4.454648096791448;-4.454648096791448,-3.644233710035838;-3.644233710035838,-2.8338193232802267;-2.8338193232802267,-2.023404936524616;-2.023404936524616,-1.212990549769005;-1.212990549769005,-0.4025761630133937;-0.4025761630133937,0.4078382237422167;0.4078382237422167,1.218252610497828;1.218252610497828,2.0286669972534392;2.0286669972534392,2.83908138400905
-7.51981265011794,-6.403119994279835;-6.403119994279835,-5.2864273384417295;-5.2864273384417295,-4.169734682603625;-4.169734682603625,-3.05304202676552;-3.05304202676552,-1.9363493709274149;-1.9363493709274149,-0.8196567150893106;-0.8196567150893106,0.2970359407487946;0.2970359407487946,1.4137285965868998;1.4137285965868998,2.530421252425004;2.530421252425004,3.64711390826311
-4.22545474283216,-3.4439449087082705;-3.4439449087082705,-2.6624350745843803;-2.6624350745843803,-1.8809252404604901;-1.8809252404604901,-1.0994154063366004;-1.0994154063366004,-0.31790557221271065;-0.31790557221271065,0.46360426191118;0.46360426191118,1.2451140960350697;1.2451140960350697,2.0266239301589595;2.0266239301589595,2.808133764282849;2.808133764282849,3.58964359840674
-4.62681235793139,-3.9267141429391526;-3.9267141429391526,-3.2266159279469155;-3.2266159279469155,-2.5265177129546785;-2.5265177129546785,-1.8264194979624415;-1.8264194979624415,-1.1263212829702045;-1.1263212829702045,-0.4262230679779675;-0.4262230679779675,0.2738751470142695;0.2738751470142695,0.9739733620065065;0.9739733620065065,1.6740715769987435;1.6740715769987435,2.37416979199098
-3.26779731998841,-2.6196004218472266;-2.6196004218472266,-1.9714035237060439;-1.9714035237060439,-1.323206625564861;-1.323206625564861,-0.6750097274236779;-0.6750097274236779,-0.026812829282494732;-0.026812829282494732,0.621384068858688;0.621384068858688,1.2695809669998708;1.2695809669998708,1.917777865141054;1.917777865141054,2.565974763282237;2.565974763282237,3.21417166142342
-3.2675024152759,-2.530980301282577;-2.530980301282577,-1.794458187289254;-1.794458187289254,-1.0579360732959313;-1.0579360732959313,-0.3214139593026082;-0.3214139593026082,0.41510815469071494;0.41510815469071494,1.1516302686840372;1.1516302686840372,1.8881523826773603;1.8881523826773603,2.6246744966706834;2.6246744966706834,3.3611966106640065;3.3611966106640065,4.09771872465733
-4.03833345050133,-3.40828223087557;-3.40828223087557,-2.7782310112498103;-2.7782310112498103,-2.1481797916240506;-2.1481797916240506,-1.5181285719982904;-1.5181285719982904,-0.8880773523725303;-0.8880773523725303,-0.25802613274677055;-0.25802613274677055,0.37202508687898916;0.37202508687898916,1.0020763065047493;1.0020763065047493,1.6321275261305095;1.6321275261305095,2.26217874575627
-4.18612439393598,-3.628601544269331;-3.628601544269331,-3.071078694602682;-3.071078694602682,-2.5135558449360333;-2.5135558449360333,-1.9560329952693842;-1.9560329952693842,-1.3985101456027351;-1.3985101456027351,-0.8409872959360865;-0.8409872959360865,-0.28346444626943734;-0.28346444626943734,0.27405840339721177;0.27405840339721177,0.8315812530638604;0.8315812530638604,1.38910410273051
-3.76201801440622,-3.152592501758785;-3.152592501758785,-2.5431669891113504;-2.5431669891113504,-1.9337414764639154;-1.9337414764639154,-1.3243159638164803;-1.3243159638164803,-0.7148904511690453;-0.7148904511690453,-0.10546493852161065;-0.10546493852161065,0.5039605741258248;0.5039605741258248,1.1133860867732595;1.1133860867732595,1.722811599420694;1.722811599420694,2.33223711206813
-4.11746193313975,-3.308694525390794;-3.308694525390794,-2.499927117641838;-2.499927117641838,-1.6911597098928821;-1.6911597098928821,-0.8823923021439262;-0.8823923021439262,-0.07362489439497022;-0.07362489439497022,0.7351425133539857;0.7351425133539857,1.5439099211029417;1.5439099211029417,2.3526773288518976;2.3526773288518976,3.1614447366008536;3.1614447366008536,3.97021214434981
-2.8175693295254,-2.2729509034541993;-2.2729509034541993,-1.728332477382998;-1.728332477382998,-1.183714051311797;-1.183714051311797,-0.6390956252405959;-0.6390956252405959,-0.09447719916939468;-0.09447719916939468,0.45014122690180614;0.45014122690180614,0.994759652973007;0.994759652973007,1.5393780790442082;1.5393780790442082,2.0839965051154095;2.0839965051154095,2.62861493118661
-5.72850669259658,-4.918889802360155;-4.918889802360155,-4.10927291212373;-4.10927291212373,-3.299656021887305;-3.299656021887305,-2.49003913165088;-2.49003913165088,-1.6804222414144547;-1.6804222414144547,-0.8708053511780296;-0.8708053511780296,-0.06118846094160446;-0.06118846094160446,0.7484284292948207;0.7484284292948207,1.5580453195312458;1.5580453195312458,2.36766220976767
-5.24844913424901,-4.447866933348306;-4.447866933348306,-3.647284732447602;-3.647284732447602,-2.8467025315468977;-2.8467025315468977,-2.0461203306461937;-2.0461203306461937,-1.2455381297454897;-1.2455381297454897,-0.4449559288447853;-0.4449559288447853,0.35562627205591824;0.35562627205591824,1.1562084729566227;1.1562084729566227,1.956790673857327;1.956790673857327,2.75737287475803
-5.14373023266436,-4.448127796432552;-4.448127796432552,-3.7525253602007442;-3.7525253602007442,-3.056922923968936;-3.056922923968936,-2.361320487737128;-2.361320487737128,-1.66571805150532;-1.66571805150532,-0.970115615273512;-0.970115615273512,-0.2745131790417039;-0.2745131790417039,0.42108925719010415;0.42108925719010415,1.1166916934219122;1.1166916934219122,1.81229412965372
-4.84456072226898,-4.034974516289754;-4.034974516289754,-3.225388310310528;-3.225388310310528,-2.415802104331302;-2.415802104331302,-1.606215898352076;-1.606215898352076,-0.79662969237285;-0.79662969237285,0.012956513606376063;0.012956513606376063,0.8225427195856021;0.8225427195856021,1.6321289255648281;1.6321289255648281,2.441715131544054;2.441715131544054,3.25130133752328
-3.04993358934049,-2.46527469771832;-2.46527469771832,-1.88061580609615;-1.88061580609615,-1.29595691447398;-1.29595691447398,-0.71129802285181;-0.71129802285181,-0.12663913122964;-0.12663913122964,0.45801976039253;0.45801976039253,1.0426786520147;1.0426786520147,1.62733754363687;1.62733754363687,2.21199643525904;2.21199643525904,2.79665532688121
-4.58204951238603,-3.90159453827333;-3.90159453827333,-3.22113956416063;-3.22113956416063,-2.5406845900479302;-2.5406845900479302,-1.8602296159352303;-1.8602296159352303,-1.1797746418225303;-1.1797746418225303,-0.4993196677098304;-0.4993196677098304,0.18113530640286957;0.18113530640286957,0.8615902805155695;0.8615902805155695,1.5420452546282695;1.5420452546282695,2.22250022874097
-6.10351294867338,-5.201479518896375;-5.201479518896375,-4.29944608911937;-4.29944608911937,-3.397412659342365;-3.397412659342365,-2.49537922956536;-2.49537922956536,-1.5933457997883549;-1.5933457997883549,-0.6913123700113495;-0.6913123700113495,0.21072105976565503;0.21072105976565503,1.1127544895426604;1.1127544895426604,2.014787919319666;2.014787919319666,2.91682134909667
-7.18979065238635,-6.092848445816262;-6.092848445816262,-4.9959062392461755;-4.9959062392461755,-3.8989640326760884;-3.8989640326760884,-2.8020218261060013;-2.8020218261060013,-1.7050796195359137;-1.7050796195359137,-0.608137412965827;-0.608137412965827,0.48880479360425966;0.48880479360425966,1.5857470001743472;1.5857470001743472,2.682689206744435;2.682689206744435,3.77963141331452
-5.19708045441375,-4.377975935197209;-4.377975935197209,-3.558871415980668;-3.558871415980668,-2.7397668967641273;-2.7397668967641273,-1.9206623775475862;-1.9206623775475862,-1.101557858331045;-1.101557858331045,-0.28245333911450476;-0.28245333911450476,0.5366511801020364;0.5366511801020364,1.3557556993185775;1.3557556993185775,2.1748602185351187;2.1748602185351187,2.99396473775166
-10.5309318322057,-9.257830167754129;-9.257830167754129,-7.984728503302557;-7.984728503302557,-6.711626838850984;-6.711626838850984,-5.4385251743994125;-5.4385251743994125,-4.165423509947841;-4.165423509947841,-2.8923218454962685;-2.8923218454962685,-1.619220181044696;-1.619220181044696,-0.3461185165931244;-0.3461185165931244,0.9269831478584472;0.9269831478584472,2.20008481231002
-3.89808125692714,-3.190265581101049;-3.190265581101049,-2.482449905274958;-2.482449905274958,-1.7746342294488673;-1.7746342294488673,-1.0668185536227761;-1.0668185536227761,-0.35900287779668494;-0.35900287779668494,0.34881279802940535;0.34881279802940535,1.0566284738554965;1.0566284738554965,1.7644441496815877;1.7644441496815877,2.472259825507679;2.472259825507679,3.18007550133377
-4.18719612246076,-3.472019673063439;-3.472019673063439,-2.756843223666118;-2.756843223666118,-2.041666774268797;-2.041666774268797,-1.3264903248714761;-1.3264903248714761,-0.6113138754741554;-0.6113138754741554,0.10386257392316622;0.10386257392316622,0.819039023320487;0.819039023320487,1.5342154727178077;1.5342154727178077,2.2493919221151284;2.2493919221151284,2.96456837151245
-4.56493235577572,-3.8955882150609975;-3.8955882150609975,-3.2262440743462757;-3.2262440743462757,-2.556899933631554;-2.556899933631554,-1.8875557929168316;-1.8875557929168316,-1.2182116522021094;-1.2182116522021094,-0.548867511487388;-0.548867511487388,0.12047662922733426;0.12047662922733426,0.7898207699420565;0.7898207699420565,1.4591649106567788;1.4591649106567788,2.1285090513715
-3.84703612380725,-3.217956271910869;-3.217956271910869,-2.588876420014488;-2.588876420014488,-1.959796568118107;-1.959796568118107,-1.3307167162217262;-1.3307167162217262,-0.7016368643253452;-0.7016368643253452,-0.07255701242896428;-0.07255701242896428,0.5565228394674167;0.5565228394674167,1.1856026913637976;1.1856026913637976,1.8146825432601785;1.8146825432601785,2.44376239515656
-2.71716041949041,-1.8902045476504452;-1.8902045476504452,-1.06324867581048;-1.06324867581048,-0.23629280397051478;-0.23629280397051478,0.5906630678694502;0.5906630678694502,1.4176189397094152;1.4176189397094152,2.2445748115493807;2.2445748115493807,3.071530683389345;3.071530683389345,3.8984865552293106;3.8984865552293106,4.725442427069276;4.725442427069276,5.55239829890924
-3.82009046601528,-3.179296241307394;-3.179296241307394,-2.538502016599508;-2.538502016599508,-1.897707791891622;-1.897707791891622,-1.256913567183736;-1.256913567183736,-0.6161193424758498;-0.6161193424758498,0.024674882232035955;0.024674882232035955,0.6654691069399226;0.6654691069399226,1.3062633316478083;1.3062633316478083,1.947057556355694;1.947057556355694,2.58785178106358
-4.88931105069111,-4.026488294515194;-4.026488294515194,-3.163665538339278;-3.163665538339278,-2.300842782163362;-2.300842782163362,-1.4380200259874458;-1.4380200259874458,-0.5751972698115297;-0.5751972698115297,0.28762548636438634;0.28762548636438634,1.1504482425403024;1.1504482425403024,2.0132709987162185;2.0132709987162185,2.8760937548921346;2.8760937548921346,3.73891651106805
-5.38043976710516,-4.468989371121336;-4.468989371121336,-3.5575389751375117;-3.5575389751375117,-2.6460885791536874;-2.6460885791536874,-1.7346381831698636;-1.7346381831698636,-0.8231877871860398;-0.8231877871860398,0.08826260879778491;0.08826260879778491,0.9997130047816087;0.9997130047816087,1.9111634007654326;1.9111634007654326,2.8226137967492564;2.8226137967492564,3.73406419273308
-4.36113168030246,-3.5728010366614003;-3.5728010366614003,-2.78447039302034;-2.78447039302034,-1.9961397493792798;-1.9961397493792798,-1.20780910573822;-1.20780910573822,-0.41947846209716033;-0.41947846209716033,0.3688521815439003;0.3688521815439003,1.15718282518496;1.15718282518496,1.9455134688260198;1.9455134688260198,2.7338441124670796;2.7338441124670796,3.52217475610814
-7.70046579595648,-6.641666864241712;-6.641666864241712,-5.582867932526944;-5.582867932526944,-4.524069000812176;-4.524069000812176,-3.465270069097408;-3.465270069097408,-2.40647113738264;-2.40647113738264,-1.3476722056678723;-1.3476722056678723,-0.28887327395310436;-0.28887327395310436,0.7699256577616636;0.7699256577616636,1.8287245894764323;1.8287245894764323,2.8875235211912
-4.36364840601791,-3.7361479544373113;-3.7361479544373113,-3.108647502856712;-3.108647502856712,-2.481147051276113;-2.481147051276113,-1.853646599695514;-1.853646599695514,-1.226146148114915;-1.226146148114915,-0.5986456965343159;-0.5986456965343159,0.02885475504628321;0.02885475504628321,0.6563552066268823;0.6563552066268823,1.2838556582074814;1.2838556582074814,1.91135610978808
-8.64270040760148,-7.500243690821036;-7.500243690821036,-6.357786974040593;-6.357786974040593,-5.215330257260151;-5.215330257260151,-4.072873540479708;-4.072873540479708,-2.9304168236992645;-2.9304168236992645,-1.7879601069188222;-1.7879601069188222,-0.6455033901383791;-0.6455033901383791,0.49695332664206404;0.49695332664206404,1.6394100434225063;1.6394100434225063,2.78186676020295
-4.70886875616464,-3.961763791597754;-3.961763791597754,-3.2146588270308682;-3.2146588270308682,-2.4675538624639826;-2.4675538624639826,-1.7204488978970964;-1.7204488978970964,-0.9733439333302103;-0.9733439333302103,-0.22623896876332505;-0.22623896876332505,0.5208659958035611;0.5208659958035611,1.2679709603704472;1.2679709603704472,2.0150759249373333;2.0150759249373333,2.76218088950422
-4.58586052744027,-3.8801879961941372;-3.8801879961941372,-3.1745154649480045;-3.1745154649480045,-2.468842933701872;-2.468842933701872,-1.7631704024557386;-1.7631704024557386,-1.0574978712096055;-1.0574978712096055,-0.3518253399634732;-0.3518253399634732,0.35384719128265996;0.35384719128265996,1.0595197225287931;1.0595197225287931,1.7651922537749263;1.7651922537749263,2.47086478502106
-4.25115770795254,-3.382466061608639;-3.382466061608639,-2.5137744152647383;-2.5137744152647383,-1.6450827689208376;-1.6450827689208376,-0.7763911225769364;-0.7763911225769364,0.09230052376696474;0.09230052376696474,0.960992170110865;0.960992170110865,1.8296838164547662;1.8296838164547662,2.6983754627986674;2.6983754627986674,3.5670671091425685;3.5670671091425685,4.43575875548647
-0.880942307902112,-0.34566047554355683;-0.34566047554355683,0.18962135681499837;0.18962135681499837,0.7249031891735535;0.7249031891735535,1.2601850215321089;1.2601850215321089,1.7954668538906642;1.7954668538906642,2.330748686249219;2.330748686249219,2.8660305186077744;2.8660305186077744,3.4013123509663297;3.4013123509663297,3.9365941833248845;3.9365941833248845,4.47187601568344
-5.39964996549437,-4.540567789121628;-4.540567789121628,-3.681485612748886;-3.681485612748886,-2.8224034363761445;-2.8224034363761445,-1.9633212600034025;-1.9633212600034025,-1.1042390836306604;-1.1042390836306604,-0.24515690725791917;-0.24515690725791917,0.6139252691148229;0.6139252691148229,1.473007445487565;1.473007445487565,2.332089621860307;2.332089621860307,3.19117179823305
-4.25909824434721,-3.6466278494724067;-3.6466278494724067,-3.034157454597604;-3.034157454597604,-2.4216870597228013;-2.4216870597228013,-1.8092166648479981;-1.8092166648479981,-1.196746269973195;-1.196746269973195,-0.5842758750983923;-0.5842758750983923,0.02819451977641041;0.02819451977641041,0.6406649146512136;0.6406649146512136,1.2531353095260167;1.2531353095260167,1.86560570440082
-3.98049496530881,-3.224940683922741;-3.224940683922741,-2.469386402536672;-2.469386402536672,-1.7138321211506033;-1.7138321211506033,-0.9582778397645342;-0.9582778397645342,-0.202723558378465;-0.202723558378465,0.5528307230076033;0.5528307230076033,1.3083850043936724;1.3083850043936724,2.0639392857797416;2.0639392857797416,2.819493567165811;2.819493567165811,3.57504784855188
-4.82097044118665,-4.003396269997167;-4.003396269997167,-3.1858220988076837;-3.1858220988076837,-2.368247927618201;-2.368247927618201,-1.550673756428718;-1.550673756428718,-0.733099585239235;-0.733099585239235,0.0844745859502476;0.0844745859502476,0.9020487571397311;0.9020487571397311,1.7196229283292137;1.7196229283292137,2.5371970995186963;2.5371970995186963,3.35477127070818
-3.30823691785305,-2.578601177525893;-2.578601177525893,-1.848965437198736;-1.848965437198736,-1.1193296968715791;-1.1193296968715791,-0.3896939565444222;-0.3896939565444222,0.33994178378273476;0.33994178378273476,1.0695775241098917;1.0695775241098917,1.7992132644370487;1.7992132644370487,2.5288490047642056;2.5288490047642056,3.2584847450913625;3.2584847450913625,3.98812048541852
-6.33346461003849,-5.35225228217305;-5.35225228217305,-4.37103995430761;-4.37103995430761,-3.3898276264421696;-3.3898276264421696,-2.4086152985767297;-2.4086152985767297,-1.4274029707112899;-1.4274029707112899,-0.4461906428458491;-0.4461906428458491,0.5350216850195908;0.5350216850195908,1.5162340128850307;1.5162340128850307,2.4974463407504714;2.4974463407504714,3.47865866861591
-4.17271768551649,-3.524478834935555;-3.524478834935555,-2.87623998435462;-2.87623998435462,-2.2280011337736854;-2.2280011337736854,-1.5797622831927502;-1.5797622831927502,-0.9315234326118151;-0.9315234326118151,-0.28328458203088047;-0.28328458203088047,0.3649542685500551;0.3649542685500551,1.0131931191309897;1.0131931191309897,1.6614319697119244;1.6614319697119244,2.30967082029286
-7.86962986299326,-6.832834616366078;-6.832834616366078,-5.796039369738896;-5.796039369738896,-4.7592441231117135;-4.7592441231117135,-3.722448876484532;-3.722448876484532,-2.6856536298573497;-2.6856536298573497,-1.6488583832301682;-1.6488583832301682,-0.6120631366029867;-0.6120631366029867,0.42473211002419564;0.42473211002419564,1.461527356651378;1.461527356651378,2.49832260327856
-5.53457675638299,-4.806594675511269;-4.806594675511269,-4.078612594639546;-4.078612594639546,-3.3506305137678245;-3.3506305137678245,-2.6226484328961024;-2.6226484328961024,-1.8946663520243803;-1.8946663520243803,-1.1666842711526586;-1.1666842711526586,-0.43870219028093604;-0.43870219028093604,0.2892798905907856;0.2892798905907856,1.0172619714625073;1.0172619714625073,1.74524405233423
-6.502631976626,-5.524795818073426;-5.524795818073426,-4.5469596595208515;-4.5469596595208515,-3.569123500968278;-3.569123500968278,-2.5912873424157037;-2.5912873424157037,-1.6134511838631296;-1.6134511838631296,-0.6356150253105559;-0.6356150253105559,0.34222113324201864;0.34222113324201864,1.3200572917945923;1.3200572917945923,2.297893450347167;2.297893450347167,3.27572960889974
-5.03804821298238,-4.318287043296071;-4.318287043296071,-3.598525873609762;-3.598525873609762,-2.878764703923453;-2.878764703923453,-2.159003534237144;-2.159003534237144,-1.439242364550835;-1.439242364550835,-0.7194811948645263;-0.7194811948645263,0.0002799748217832132;0.0002799748217832132,0.7200411445080919;0.7200411445080919,1.4398023141944005;1.4398023141944005,2.15956348388071
-3.43497713255077,-2.7978387551511545;-2.7978387551511545,-2.1607003777515397;-2.1607003777515397,-1.5235620003519246;-1.5235620003519246,-0.8864236229523095;-0.8864236229523095,-0.2492852455526946;-0.2492852455526946,0.3878531318469207;0.3878531318469207,1.024991509246536;1.024991509246536,1.662129886646151;1.662129886646151,2.299268264045766;2.299268264045766,2.93640664144538
-3.2721284344408,-2.52930778066835;-2.52930778066835,-1.7864871268959002;-1.7864871268959002,-1.0436664731234502;-1.0436664731234502,-0.3008458193510002;-0.3008458193510002,0.4419748344214498;0.4419748344214498,1.1847954881938998;1.1847954881938998,1.9276161419663502;1.9276161419663502,2.6704367957387998;2.6704367957387998,3.4132574495112493;3.4132574495112493,4.1560781032837
-2.04984366443278,-1.443801368907103;-1.443801368907103,-0.837759073381426;-0.837759073381426,-0.23171677785574896;-0.23171677785574896,0.37432551766992805;0.37432551766992805,0.9803678131956053;0.9803678131956053,1.586410108721282;1.586410108721282,2.192452404246959;2.192452404246959,2.798494699772636;2.798494699772636,3.4045369952983133;3.4045369952983133,4.01057929082399
-4.14592190471469,-3.4982452015299694;-3.4982452015299694,-2.850568498345248;-2.850568498345248,-2.202891795160527;-2.202891795160527,-1.555215091975806;-1.555215091975806,-0.9075383887910853;-0.9075383887910853,-0.259861685606364;-0.259861685606364,0.38781501757835724;0.38781501757835724,1.035491720763078;1.035491720763078,1.6831684239477989;1.6831684239477989,2.33084512713252
-4.09550184259335,-3.200022772000679;-3.200022772000679,-2.3045437014080083;-2.3045437014080083,-1.4090646308153376;-1.4090646308153376,-0.5135855602226664;-0.5135855602226664,0.38189351037000474;0.38189351037000474,1.277372580962675;1.277372580962675,2.172851651555346;2.172851651555346,3.0683307221480174;3.0683307221480174,3.9638097927406886;3.9638097927406886,4.85928886333336
-3.64117279325218,-2.940329299300866;-2.940329299300866,-2.2394858053495517;-2.2394858053495517,-1.5386423113982377;-1.5386423113982377,-0.8377988174469237;-0.8377988174469237,-0.1369553234956098;-0.1369553234956098,0.5638881704557046;0.5638881704557046,1.2647316644070181;1.2647316644070181,1.9655751583583325;1.9655751583583325,2.666418652309647;2.666418652309647,3.36726214626096
-3.97190830599768,-3.061815556592218;-3.061815556592218,-2.151722807186756;-2.151722807186756,-1.2416300577812938;-1.2416300577812938,-0.33153730837583195;-0.33153730837583195,0.5785554410296299;0.5785554410296299,1.4886481904350926;1.4886481904350926,2.3987409398405544;2.3987409398405544,3.308833689246016;3.308833689246016,4.218926438651479;4.218926438651479,5.12901918805694
-3.20944664951235,-2.5793685219474076;-2.5793685219474076,-1.9492903943824658;-1.9492903943824658,-1.3192122668175237;-1.3192122668175237,-0.6891341392525816;-0.6891341392525816,-0.05905601168763974;-0.05905601168763974,0.5710221158773026;0.5710221158773026,1.2011002434422449;1.2011002434422449,1.8311783710071867;1.8311783710071867,2.4612564985721286;2.4612564985721286,3.09133462613707
-2.86023843015699,-2.3291225904519086;-2.3291225904519086,-1.7980067507468278;-1.7980067507468278,-1.2668909110417468;-1.2668909110417468,-0.7357750713366658;-0.7357750713366658,-0.2046592316315845;-0.2046592316315845,0.3264566080734963;0.3264566080734963,0.8575724477785771;0.8575724477785771,1.3886882874836584;1.3886882874836584,1.9198041271887396;1.9198041271887396,2.45091996689382
-12.6441834651326,-11.168564368378513;-11.168564368378513,-9.692945271624428;-9.692945271624428,-8.21732617487034;-8.21732617487034,-6.741707078116253;-6.741707078116253,-5.2660879813621655;-5.2660879813621655,-3.79046888460808;-3.79046888460808,-2.3148497878539924;-2.3148497878539924,-0.839230691099905;-0.839230691099905,0.6363884056541824;0.6363884056541824,2.11200750240827
-3.68987122030774,-3.083231085463476;-3.083231085463476,-2.476590950619212;-2.476590950619212,-1.869950815774948;-1.869950815774948,-1.263310680930684;-1.263310680930684,-0.6566705460864197;-0.6566705460864197,-0.0500304112421559;-0.0500304112421559,0.5566097236021079;0.5566097236021079,1.1632498584463722;1.1632498584463722,1.7698899932906365;1.7698899932906365,2.3765301281349
-2.49305587793264,-2.041304639477962;-2.041304639477962,-1.589553401023284;-1.589553401023284,-1.137802162568606;-1.137802162568606,-0.6860509241139279;-0.6860509241139279,-0.23429968565924986;-0.23429968565924986,0.21745155279542816;0.21745155279542816,0.6692027912501062;0.6692027912501062,1.1209540297047842;1.1209540297047842,1.5727052681594622;1.5727052681594622,2.02445650661414
-3.83505743271691,-3.203056043281234;-3.203056043281234,-2.571054653845558;-2.571054653845558,-1.939053264409882;-1.939053264409882,-1.307051874974206;-1.307051874974206,-0.67505048553853;-0.67505048553853,-0.04304909610285401;-0.04304909610285401,0.5889522933328224;0.5889522933328224,1.220953682768498;1.220953682768498,1.8529550722041734;1.8529550722041734,2.48495646163985
-5.46232086802681,-4.628667079836446;-4.628667079836446,-3.7950132916460815;-3.7950132916460815,-2.961359503455718;-2.961359503455718,-2.127705715265354;-2.127705715265354,-1.2940519270749897;-1.2940519270749897,-0.4603981388846261;-0.4603981388846261,0.3732556493057384;0.3732556493057384,1.206909437496102;1.206909437496102,2.0405632256864656;2.0405632256864656,2.87421701387683
-4.32078568980618,-3.646083144120881;-3.646083144120881,-2.971380598435582;-2.971380598435582,-2.2966780527502832;-2.2966780527502832,-1.6219755070649842;-1.6219755070649842,-0.9472729613796851;-0.9472729613796851,-0.27257041569438645;-0.27257041569438645,0.4021321299909131;0.4021321299909131,1.0768346756762117;1.0768346756762117,1.7515372213615104;1.7515372213615104,2.42623976704681
-4.05189840561421,-3.0789085526074462;-3.0789085526074462,-2.1059186996006822;-2.1059186996006822,-1.1329288465939182;-1.1329288465939182,-0.15993899358715424;-0.15993899358715424,0.8130508594196098;0.8130508594196098,1.7860407124263737;1.7860407124263737,2.7590305654331377;2.7590305654331377,3.7320204184399017;3.7320204184399017,4.705010271446666;4.705010271446666,5.67800012445343
-3.43050318196067,-2.848125124149711;-2.848125124149711,-2.265747066338752;-2.265747066338752,-1.683369008527793;-1.683369008527793,-1.100990950716834;-1.100990950716834,-0.5186128929058751;-0.5186128929058751,0.06376516490508388;0.06376516490508388,0.6461432227160429;0.6461432227160429,1.2285212805270018;1.2285212805270018,1.8108993383379608;1.8108993383379608,2.39327739614892
-5.86990072101048,-4.923943742779568;-4.923943742779568,-3.977986764548656;-3.977986764548656,-3.032029786317744;-3.032029786317744,-2.086072808086832;-2.086072808086832,-1.1401158298559197;-1.1401158298559197,-0.19415885162500768;-0.19415885162500768,0.7517981266059044;0.7517981266059044,1.6977551048368165;1.6977551048368165,2.6437120830677285;2.6437120830677285,3.58966906129864
-3.48524586553313,-2.8912743484547567;-2.8912743484547567,-2.297302831376384;-2.297302831376384,-1.7033313142980109;-1.7033313142980109,-1.1093597972196378;-1.1093597972196378,-0.515388280141265;-0.515388280141265,0.07858323693710823;0.07858323693710823,0.6725547540154815;0.6725547540154815,1.2665262710938543;1.2665262710938543,1.860497788172227;1.860497788172227,2.4544693052506
-4.07251463623577,-3.2970856372252486;-3.2970856372252486,-2.521656638214728;-2.521656638214728,-1.746227639204207;-1.746227639204207,-0.9707986401936859;-0.9707986401936859,-0.1953696411831647;-0.1953696411831647,0.5800593578273556;0.5800593578273556,1.3554883568378768;1.3554883568378768,2.130917355848398;2.130917355848398,2.9063463548589192;2.9063463548589192,3.68177535386944
-4.60557116311991,-3.899338209565642;-3.899338209565642,-3.193105256011374;-3.193105256011374,-2.4868723024571056;-2.4868723024571056,-1.7806393489028376;-1.7806393489028376,-1.0744063953485696;-1.0744063953485696,-0.3681734417943012;-0.3681734417943012,0.3380595117599663;0.3380595117599663,1.0442924653142347;1.0442924653142347,1.750525418868503;1.750525418868503,2.45675837242277
-6.15214315011785,-5.290749635791336;-5.290749635791336,-4.4293561214648225;-4.4293561214648225,-3.567962607138308;-3.567962607138308,-2.7065690928117943;-2.7065690928117943,-1.8451755784852804;-1.8451755784852804,-0.983782064158766;-0.983782064158766,-0.12238854983225256;-0.12238854983225256,0.7390049644942618;0.7390049644942618,1.6003984788207761;1.6003984788207761,2.46179199314729
-4.72141318960237,-4.063652847567805;-4.063652847567805,-3.405892505533238;-3.405892505533238,-2.7481321634986724;-2.7481321634986724,-2.0903718214641063;-2.0903718214641063,-1.4326114794295401;-1.4326114794295401,-0.7748511373949745;-0.7748511373949745,-0.1170907953604079;-0.1170907953604079,0.5406695466741578;0.5406695466741578,1.1984298887087235;1.1984298887087235,1.85619023074329
-6.93068947224796,-5.9493782774961605;-5.9493782774961605,-4.968067082744362;-4.968067082744362,-3.9867558879925626;-3.9867558879925626,-3.0054446932407637;-3.0054446932407637,-2.0241334984889647;-2.0241334984889647,-1.0428223037371653;-1.0428223037371653,-0.061511108985366825;-0.061511108985366825,0.9198000857664326;0.9198000857664326,1.901111280518232;1.901111280518232,2.88242247527003
-3.85633358531693,-2.933913108049875;-2.933913108049875,-2.01149263078282;-2.01149263078282,-1.0890721535157648;-1.0890721535157648,-0.1666516762487098;-0.1666516762487098,0.7557688010183452;0.7557688010183452,1.6781892782854002;1.6781892782854002,2.600609755552455;2.600609755552455,3.52303023281951;3.52303023281951,4.445450710086565;4.445450710086565,5.36787118735362
-2.11951679005491,-1.647203631502096;-1.647203631502096,-1.174890472949282;-1.174890472949282,-0.7025773143964678;-0.7025773143964678,-0.23026415584365378;-0.23026415584365378,0.2420490027091602;0.2420490027091602,0.7143621612619744;0.7143621612619744,1.1866753198147881;1.1866753198147881,1.6589884783676023;1.6589884783676023,2.131301636920416;2.131301636920416,2.60361479547323
-5.48801228706323,-4.650425119379105;-4.650425119379105,-3.8128379516949806;-3.8128379516949806,-2.9752507840108553;-2.9752507840108553,-2.1376636163267304;-2.1376636163267304,-1.3000764486426055;-1.3000764486426055,-0.4624892809584802;-0.4624892809584802,0.37509788672564426;0.37509788672564426,1.2126850544097696;1.2126850544097696,2.050272222093895;2.050272222093895,2.88785938977802
-3.61198572371687,-2.8567316523401742;-2.8567316523401742,-2.1014775809634783;-2.1014775809634783,-1.3462235095867818;-1.3462235095867818,-0.5909694382100859;-0.5909694382100859,0.16428463316661013;0.16428463316661013,0.9195387045433066;0.9195387045433066,1.674792775920002;1.674792775920002,2.4300468472966985;2.4300468472966985,3.185300918673395;3.185300918673395,3.94055499005009
-1.69781035732128,-1.043612210664778;-1.043612210664778,-0.38941406400827616;-0.38941406400827616,0.2647840826482257;0.2647840826482257,0.9189822293047276;0.9189822293047276,1.5731803759612297;1.5731803759612297,2.227378522617731;2.227378522617731,2.8815766692742333;2.8815766692742333,3.5357748159307354;3.5357748159307354,4.1899729625872375;4.1899729625872375,4.84417110924374
-3.62071743050316,-2.792983684127717;-2.792983684127717,-1.9652499377522739;-1.9652499377522739,-1.1375161913768306;-1.1375161913768306,-0.3097824450013875;-0.3097824450013875,0.5179513013740555;0.5179513013740555,1.345685047749499;1.345685047749499,2.1734187941249417;2.1734187941249417,3.001152540500385;3.001152540500385,3.8288862868758287;3.8288862868758287,4.65662003325127
-3.4593105238413,-2.89308679672551;-2.89308679672551,-2.32686306960972;-2.32686306960972,-1.7606393424939302;-1.7606393424939302,-1.1944156153781402;-1.1944156153781402,-0.6281918882623505;-0.6281918882623505,-0.06196816114656034;-0.06196816114656034,0.5042555659692298;0.5042555659692298,1.0704792930850195;1.0704792930850195,1.6367030202008093;1.6367030202008093,2.2029267473166
-4.7483884759197,-3.892630784790329;-3.892630784790329,-3.0368730936609585;-3.0368730936609585,-2.1811154025315878;-2.1811154025315878,-1.3253577114022166;-1.3253577114022166,-0.4696000202728454;-0.4696000202728454,0.38615767085652486;0.38615767085652486,1.241915361985896;1.241915361985896,2.097673053115267;2.097673053115267,2.9534307442446384;2.9534307442446384,3.80918843537401
-3.32537762928027,-2.755646816122438;-2.755646816122438,-2.185916002964606;-2.185916002964606,-1.616185189806774;-1.616185189806774,-1.046454376648942;-1.046454376648942,-0.47672356349111;-0.47672356349111,0.09300724966672202;0.09300724966672202,0.662738062824554;0.662738062824554,1.232468875982386;1.232468875982386,1.8021996891402186;1.8021996891402186,2.37193050229805
-3.53368052873463,-2.9740988336593857;-2.9740988336593857,-2.414517138584142;-2.414517138584142,-1.854935443508898;-1.854935443508898,-1.2953537484336541;-1.2953537484336541,-0.73577205335841;-0.73577205335841,-0.17619035828316632;-0.17619035828316632,0.3833913367920774;0.3833913367920774,0.9429730318673215;0.9429730318673215,1.5025547269425656;1.5025547269425656,2.06213642201781
-3.47341427807913,-2.789470204605803;-2.789470204605803,-2.1055261311324758;-2.1055261311324758,-1.421582057659149;-1.421582057659149,-0.737637984185822;-0.737637984185822,-0.053693910712495185;-0.053693910712495185,0.6302501627608321;0.6302501627608321,1.3141942362341585;1.3141942362341585,1.9981383097074858;1.9981383097074858,2.682082383180813;2.682082383180813,3.36602645665414
-3.82608253247245,-3.131231647413425;-3.131231647413425,-2.4363807623544;-2.4363807623544,-1.741529877295375;-1.741529877295375,-1.04667899223635;-1.04667899223635,-0.35182810717732504;-0.35182810717732504,0.3430227778817003;0.3430227778817003,1.0378736629407253;1.0378736629407253,1.7327245479997502;1.7327245479997502,2.427575433058775;2.427575433058775,3.1224263181178
-3.0527999323214,-2.490928821139279;-2.490928821139279,-1.929057709957158;-1.929057709957158,-1.367186598775037;-1.367186598775037,-0.805315487592916;-0.805315487592916,-0.2434443764107952;-0.2434443764107952,0.3184267347713261;0.3184267347713261,0.880297845953447;0.880297845953447,1.4421689571355678;1.4421689571355678,2.004040068317689;2.004040068317689,2.56591117949981
-5.51966246455193,-4.768150757496771;-4.768150757496771,-4.016639050441613;-4.016639050441613,-3.265127343386456;-3.265127343386456,-2.5136156363312976;-2.5136156363312976,-1.7621039292761393;-1.7621039292761393,-1.010592222220982;-1.010592222220982,-0.25908051516582375;-0.25908051516582375,0.4924311918893345;0.4924311918893345,1.2439428989444927;1.2439428989444927,1.99545460599965
-3.46969571093361,-2.87295876851671;-2.87295876851671,-2.27622182609981;-2.27622182609981,-1.67948488368291;-1.67948488368291,-1.08274794126601;-1.08274794126601,-0.4860109988491099;-0.4860109988491099,0.11072594356779009;0.11072594356779009,0.7074628859846901;0.7074628859846901,1.30419982840159;1.30419982840159,1.90093677081849;1.90093677081849,2.49767371323539
-3.9084762065213,-3.311227515791995;-3.311227515791995,-2.71397882506269;-2.71397882506269,-2.116730134333385;-2.116730134333385,-1.51948144360408;-1.51948144360408,-0.9222327528747751;-0.9222327528747751,-0.3249840621454698;-0.3249840621454698,0.2722646285838346;0.2722646285838346,0.8695133193131399;0.8695133193131399,1.4667620100424452;1.4667620100424452,2.06401070077175
-1.83280905597763,-1.411256728431379;-1.411256728431379,-0.989704400885128;-0.989704400885128,-0.568152073338877;-0.568152073338877,-0.14659974579262602;-0.14659974579262602,0.2749525817536249;0.2749525817536249,0.6965049092998761;0.6965049092998761,1.1180572368461268;1.1180572368461268,1.539609564392378;1.539609564392378,1.961161891938629;1.961161891938629,2.38271421948488
-5.1819431240832,-4.389299886371939;-4.389299886371939,-3.5966566486606784;-3.5966566486606784,-2.804013410949417;-2.804013410949417,-2.011370173238156;-2.011370173238156,-1.2187269355268953;-1.2187269355268953,-0.42608369781563393;-0.42608369781563393,0.3665595398956265;0.3665595398956265,1.1592027776068878;1.1592027776068878,1.9518460153181492;1.9518460153181492,2.74448925302941
-4.24969121131561,-3.627577989005787;-3.627577989005787,-3.005464766695964;-3.005464766695964,-2.383351544386141;-2.383351544386141,-1.7612383220763181;-1.7612383220763181,-1.1391250997664955;-1.1391250997664955,-0.5170118774566723;-0.5170118774566723,0.10510134485315081;0.10510134485315081,0.7272145671629735;0.7272145671629735,1.3493277894727962;1.3493277894727962,1.97144101178262
-1.91454366201957,-1.4376369024416809;-1.4376369024416809,-0.960730142863792;-0.960730142863792,-0.48382338328590313;-0.48382338328590313,-0.006916623708014047;-0.006916623708014047,0.46999013586987504;0.46999013586987504,0.9468968954477637;0.9468968954477637,1.4238036550256528;1.4238036550256528,1.9007104146035418;1.9007104146035418,2.377617174181431;2.377617174181431,2.85452393375932
-9.0052906572619,-7.7617287949441796;-7.7617287949441796,-6.518166932626459;-6.518166932626459,-5.274605070308737;-5.274605070308737,-4.031043207991016;-4.031043207991016,-2.787481345673295;-2.787481345673295,-1.5439194833555732;-1.5439194833555732,-0.30035762103785224;-0.30035762103785224,0.9432042412798687;0.9432042412798687,2.1867661035975896;2.1867661035975896,3.43032796591531
-1.33123977972116,-0.8596004729070069;-0.8596004729070069,-0.3879611660928539;-0.3879611660928539,0.0836781407212992;0.0836781407212992,0.5553174475354521;0.5553174475354521,1.026956754349605;1.026956754349605,1.4985960611637583;1.4985960611637583,1.9702353679779112;1.9702353679779112,2.4418746747920643;2.4418746747920643,2.9135139816062177;2.9135139816062177,3.38515328842037
-3.4099769716983,-2.727075646049792;-2.727075646049792,-2.044174320401284;-2.044174320401284,-1.3612729947527757;-1.3612729947527757,-0.6783716691042678;-0.6783716691042678,0.0045296565442400905;0.0045296565442400905,0.6874309821927485;0.6874309821927485,1.370332307841256;1.370332307841256,2.0532336334897643;2.0532336334897643,2.7361349591382726;2.7361349591382726,3.41903628478678
-3.34310913886881,-2.745865345031946;-2.745865345031946,-2.148621551195082;-2.148621551195082,-1.551377757358218;-1.551377757358218,-0.9541339635213539;-0.9541339635213539,-0.35689016968448994;-0.35689016968448994,0.24035362415237405;0.24035362415237405,0.8375974179892385;0.8375974179892385,1.434841211826102;1.434841211826102,2.0320850056629656;2.0320850056629656,2.62932879949983
-4.42002267402927,-3.622137577178549;-3.622137577178549,-2.824252480327828;-2.824252480327828,-2.0263673834771074;-2.0263673834771074,-1.2284822866263863;-1.2284822866263863,-0.4305971897756651;-0.4305971897756651,0.3672879070750552;0.3672879070750552,1.1651730039257764;1.1651730039257764,1.9630581007764976;1.9630581007764976,2.7609431976272187;2.7609431976272187,3.55882829447794
-5.02263472459061,-4.135349134302862;-4.135349134302862,-3.248063544015114;-3.248063544015114,-2.360777953727366;-2.360777953727366,-1.4734923634396182;-1.4734923634396182,-0.5862067731518703;-0.5862067731518703,0.3010788171358776;0.3010788171358776,1.1883644074236255;1.1883644074236255,2.0756499977113734;2.0756499977113734,2.9629355879991213;2.9629355879991213,3.85022117828687
-7.44380399264411,-6.433751170814136;-6.433751170814136,-5.423698348984162;-5.423698348984162,-4.413645527154188;-4.413645527154188,-3.403592705324214;-3.403592705324214,-2.39353988349424;-2.39353988349424,-1.3834870616642654;-1.3834870616642654,-0.3734342398342916;-0.3734342398342916,0.6366185819956822;0.6366185819956822,1.646671403825657;1.646671403825657,2.65672422565563
-2.96227358718358,-2.41909900886089;-2.41909900886089,-1.8759244305382001;-1.8759244305382001,-1.3327498522155101;-1.3327498522155101,-0.7895752738928201;-0.7895752738928201,-0.24640069557013033;-0.24640069557013033,0.2967738827525599;0.2967738827525599,0.8399484610752501;0.8399484610752501,1.38312303939794;1.38312303939794,1.9262976177206297;1.9262976177206297,2.46947219604332
-3.73357974889278,-2.779087963756978;-2.779087963756978,-1.824596178621176;-1.824596178621176,-0.870104393485374;-0.870104393485374,0.08438739165042808;0.08438739165042808,1.0388791767862302;1.0388791767862302,1.993370961922032;1.993370961922032,2.9478627470578345;2.9478627470578345,3.902354532193636;3.902354532193636,4.856846317329438;4.856846317329438,5.81133810246524
-3.41817874877462,-2.6094333613368166;-2.6094333613368166,-1.8006879738990138;-1.8006879738990138,-0.9919425864612106;-0.9919425864612106,-0.1831971990234078;-0.1831971990234078,0.625548188414395;0.625548188414395,1.4342935758521986;1.4342935758521986,2.2430389632900014;2.2430389632900014,3.051784350727804;3.051784350727804,3.860529738165607;3.860529738165607,4.66927512560341
-4.40737568760793,-3.3758129752279036;-3.3758129752279036,-2.344250262847878;-2.344250262847878,-1.3126875504678521;-1.3126875504678521,-0.28112483808782596;-0.28112483808782596,0.7504378742922002;0.7504378742922002,1.7820005866722255;1.7820005866722255,2.8135632990522517;2.8135632990522517,3.845126011432278;3.845126011432278,4.876688723812304;4.876688723812304,5.90825143619233
-4.43734139123338,-3.813686718140672;-3.813686718140672,-3.190032045047964;-3.190032045047964,-2.566377371955256;-2.566377371955256,-1.9427226988625481;-1.9427226988625481,-1.3190680257698402;-1.3190680257698402,-0.6954133526771322;-0.6954133526771322,-0.07175867958442428;-0.07175867958442428,0.5518959935082837;0.5518959935082837,1.1755506666009916;1.1755506666009916,1.7992053396937
-1.71811293752166,-1.256089523844914;-1.256089523844914,-0.7940661101681681;-0.7940661101681681,-0.33204269649142226;-0.33204269649142226,0.12998071718532378;0.12998071718532378,0.5920041308620698;0.5920041308620698,1.0540275445388154;1.0540275445388154,1.5160509582155615;1.5160509582155615,1.9780743718923075;1.9780743718923075,2.440097785569053;2.440097785569053,2.9021211992458
-4.57902751465289,-3.747272258866539;-3.747272258866539,-2.915517003080188;-2.915517003080188,-2.0837617472938366;-2.0837617472938366,-1.2520064915074856;-1.2520064915074856,-0.42025123572113454;-0.42025123572113454,0.4115040200652169;0.4115040200652169,1.2432592758515675;1.2432592758515675,2.075014531637919;2.075014531637919,2.9067697874242704;2.9067697874242704,3.73852504321062
-3.91539144328236,-3.182876491432974;-3.182876491432974,-2.450361539583588;-2.450361539583588,-1.717846587734202;-1.717846587734202,-0.9853316358848159;-0.9853316358848159,-0.2528166840354298;-0.2528166840354298,0.4796982678139563;0.4796982678139563,1.2122132196633424;1.2122132196633424,1.9447281715127285;1.9447281715127285,2.6772431233621146;2.6772431233621146,3.4097580752115
-6.70454360666031,-5.74057803227937;-5.74057803227937,-4.77661245789843;-4.77661245789843,-3.8126468835174903;-3.8126468835174903,-2.84868130913655;-2.84868130913655,-1.88471573475561;-1.88471573475561,-0.9207501603746708;-0.9207501603746708,0.04321541400626927;0.04321541400626927,1.0071809883872094;1.0071809883872094,1.9711465627681486;1.9711465627681486,2.93511213714909
-3.92024981143573,-3.234200121784637;-3.234200121784637,-2.5481504321335438;-2.5481504321335438,-1.862100742482451;-1.862100742482451,-1.1760510528313577;-1.1760510528313577,-0.49000136318026444;-0.49000136318026444,0.19604832647082793;0.19604832647082793,0.8820980161219212;0.8820980161219212,1.5681477057730144;1.5681477057730144,2.2541973954241077;2.2541973954241077,2.9402470850752
-3.19828756943808,-2.538182490373541;-2.538182490373541,-1.878077411309002;-1.878077411309002,-1.217972332244463;-1.217972332244463,-0.557867253179924;-0.557867253179924,0.10223782588461505;0.10223782588461505,0.7623429049491537;0.7623429049491537,1.4224479840136932;1.4224479840136932,2.082553063078232;2.082553063078232,2.7426581421427705;2.7426581421427705,3.40276322120731
-3.64922578123668,-2.9304753054712114;-2.9304753054712114,-2.211724829705742;-2.211724829705742,-1.492974353940273;-1.492974353940273,-0.7742238781748041;-0.7742238781748041,-0.05547340240933529;-0.05547340240933529,0.6632770733561344;0.6632770733561344,1.3820275491216032;1.3820275491216032,2.100778024887072;2.100778024887072,2.819528500652541;2.819528500652541,3.53827897641801
-6.08303522927717,-5.0078504247949285;-5.0078504247949285,-3.932665620312686;-3.932665620312686,-2.857480815830444;-2.857480815830444,-1.782296011348202;-1.782296011348202,-0.7071112068659602;-0.7071112068659602,0.36807359761628256;0.36807359761628256,1.4432584020985244;1.4432584020985244,2.5184432065807663;2.5184432065807663,3.593628011063009;3.593628011063009,4.66881281554525
-3.6270960959762,-2.9128845975893043;-2.9128845975893043,-2.198673099202408;-2.198673099202408,-1.4844616008155116;-1.4844616008155116,-0.7702501024286157;-0.7702501024286157,-0.056038604041719786;-0.056038604041719786,0.658172894345177;0.658172894345177,1.372384392732073;1.372384392732073,2.086595891118969;2.086595891118969,2.8008073895058647;2.8008073895058647,3.51501888789276
-2.25428157883823,-1.730849594369529;-1.730849594369529,-1.207417609900828;-1.207417609900828,-0.683985625432127;-0.683985625432127,-0.16055364096342606;-0.16055364096342606,0.3628783435052747;0.3628783435052747,0.8863103279739759;0.8863103279739759,1.4097423124426771;1.4097423124426771,1.9331742969113779;1.9331742969113779,2.4566062813800786;2.4566062813800786,2.98003826584878
-7.61769469668182,-6.675237343220716;-6.675237343220716,-5.732779989759612;-5.732779989759612,-4.790322636298508;-4.790322636298508,-3.847865282837404;-3.847865282837404,-2.9054079293762998;-2.9054079293762998,-1.9629505759151957;-1.9629505759151957,-1.0204932224540917;-1.0204932224540917,-0.07803586899298764;-0.07803586899298764,0.8644214844681173;0.8644214844681173,1.80687883792922
-1.08713868088488,-0.4392921082629969;-0.4392921082629969,0.20855446435888614;0.20855446435888614,0.8564010369807691;0.8564010369807691,1.5042476096026522;1.5042476096026522,2.1520941822245354;2.1520941822245354,2.799940754846418;2.799940754846418,3.4477873274683017;3.4477873274683017,4.095633900090185;4.095633900090185,4.743480472712067;4.743480472712067,5.39132704533395
-2.53371264165396,-1.8780010727564842;-1.8780010727564842,-1.2222895038590083;-1.2222895038590083,-0.5665779349615323;-0.5665779349615323,0.08913363393594365;0.08913363393594365,0.7448452028334196;0.7448452028334196,1.4005567717308955;1.4005567717308955,2.0562683406283715;2.0562683406283715,2.7119799095258474;2.7119799095258474,3.3676914784233234;3.3676914784233234,4.0234030473208
-3.28692089063786,-2.4887983810824874;-2.4887983810824874,-1.6906758715271142;-1.6906758715271142,-0.8925533619717414;-0.8925533619717414,-0.09443085241636817;-0.09443085241636817,0.7036916571390051;0.7036916571390051,1.5018141666943774;1.5018141666943774,2.2999366762497506;2.2999366762497506,3.098059185805124;3.098059185805124,3.896181695360497;3.896181695360497,4.69430420491587
-5.11504990469449,-4.225153348104051;-4.225153348104051,-3.3352567915136118;-3.3352567915136118,-2.4453602349231724;-2.4453602349231724,-1.5554636783327336;-1.5554636783327336,-0.6655671217422947;-0.6655671217422947,0.22432943484814505;0.22432943484814505,1.114225991438584;1.114225991438584,2.004122548029023;2.004122548029023,2.8940191046194625;2.8940191046194625,3.7839156612099
-3.37404832118749,-2.6810712361522953;-2.6810712361522953,-1.9880941511171;-1.9880941511171,-1.2951170660819047;-1.2951170660819047,-0.6021399810467098;-0.6021399810467098,0.09083710398848499;0.09083710398848499,0.7838141890236807;0.7838141890236807,1.4767912740588756;1.4767912740588756,2.1697683590940704;2.1697683590940704,2.8627454441292652;2.8627454441292652,3.55572252916446
-7.33317300706542,-6.130893563165919;-6.130893563165919,-4.928614119266418;-4.928614119266418,-3.7263346753669166;-3.7263346753669166,-2.5240552314674156;-2.5240552314674156,-1.3217757875679146;-1.3217757875679146,-0.11949634366841355;-0.11949634366841355,1.0827831002310875;1.0827831002310875,2.2850625441305885;2.2850625441305885,3.4873419880300895;3.4873419880300895,4.68962143192959
-4.39879560555972,-3.529515695943015;-3.529515695943015,-2.6602357863263104;-2.6602357863263104,-1.7909558767096057;-1.7909558767096057,-0.9216759670929004;-0.9216759670929004,-0.052396057476195246;-0.052396057476195246,0.8168838521405091;0.8168838521405091,1.6861637617572143;1.6861637617572143,2.5554436713739195;2.5554436713739195,3.4247235809906247;3.4247235809906247,4.29400349060733
-9.53405534055477,-8.105767722203584;-8.105767722203584,-6.677480103852396;-6.677480103852396,-5.24919248550121;-5.24919248550121,-3.8209048671500225;-3.8209048671500225,-2.3926172487988353;-2.3926172487988353,-0.964329630447649;-0.964329630447649,0.46395798790353915;0.46395798790353915,1.8922456062547255;1.8922456062547255,3.320533224605912;3.320533224605912,4.7488208429571
-3.54148647524024,-2.5214433348503267;-2.5214433348503267,-1.5014001944604138;-1.5014001944604138,-0.481357054070501;-0.481357054070501,0.5386860863194123;0.5386860863194123,1.5587292267093256;1.5587292267093256,2.578772367099238;2.578772367099238,3.5988155074891512;3.5988155074891512,4.6188586478790645;4.6188586478790645,5.638901788268977;5.638901788268977,6.65894492865889
-4.38606242363242,-3.655601139036242;-3.655601139036242,-2.9251398544400637;-2.9251398544400637,-2.1946785698438855;-2.1946785698438855,-1.4642172852477078;-1.4642172852477078,-0.73375600065153;-0.73375600065153,-0.0032947160553513655;-0.0032947160553513655,0.7271665685408264;0.7271665685408264,1.4576278531370042;1.4576278531370042,2.188089137733182;2.188089137733182,2.91855042232936
-4.31255326706476,-3.62869506860435;-3.62869506860435,-2.94483687014394;-2.94483687014394,-2.26097867168353;-2.26097867168353,-1.57712047322312;-1.57712047322312,-0.8932622747627104;-0.8932622747627104,-0.20940407630229974;-0.20940407630229974,0.47445412215811;0.47445412215811,1.1583123206185197;1.1583123206185197,1.8421705190789295;1.8421705190789295,2.52602871753934
-5.76747000336482,-4.893592667379762;-4.893592667379762,-4.019715331394703;-4.019715331394703,-3.1458379954096456;-3.1458379954096456,-2.271960659424588;-2.271960659424588,-1.39808332343953;-1.39808332343953,-0.5242059874544713;-0.5242059874544713,0.34967134853058646;0.34967134853058646,1.2235486845156442;1.2235486845156442,2.097426020500702;2.097426020500702,2.97130335648576
-0.693362814111802,-0.21693985703830687;-0.21693985703830687,0.25948310003518826;0.25948310003518826,0.7359060571086835;0.7359060571086835,1.2123290141821785;1.2123290141821785,1.6887519712556736;1.6887519712556736,2.165174928329169;2.165174928329169,2.641597885402664;2.641597885402664,3.118020842476159;3.118020842476159,3.5944437995496545;3.5944437995496545,4.07086675662315
-4.75545337348308,-4.081461329618789;-4.081461329618789,-3.407469285754498;-3.407469285754498,-2.733477241890207;-2.733477241890207,-2.059485198025916;-2.059485198025916,-1.385493154161625;-1.385493154161625,-0.7115011102973341;-0.7115011102973341,-0.03750906643304308;-0.03750906643304308,0.6364829774312479;0.6364829774312479,1.310475021295539;1.310475021295539,1.98446706515983
-5.97685440031379,-5.127794306114442;-5.127794306114442,-4.2787342119150935;-4.2787342119150935,-3.429674117715746;-3.429674117715746,-2.580614023516398;-2.580614023516398,-1.7315539293170499;-1.7315539293170499,-0.8824938351177023;-0.8824938351177023,-0.03343374091835383;-0.03343374091835383,0.8156263532809938;0.8156263532809938,1.6646864474803413;1.6646864474803413,2.51374654167969
-5.6155722169136,-4.864939075064337;-4.864939075064337,-4.114305933215072;-4.114305933215072,-3.363672791365808;-3.363672791365808,-2.613039649516544;-2.613039649516544,-1.8624065076672802;-1.8624065076672802,-1.1117733658180162;-1.1117733658180162,-0.3611402239687518;-0.3611402239687518,0.38949291788051177;0.38949291788051177,1.1401260597297753;1.1401260597297753,1.89075920157904
-6.50347887497685,-5.544577905881309;-5.544577905881309,-4.585676936785768;-4.585676936785768,-3.626775967690227;-3.626775967690227,-2.667874998594686;-2.667874998594686,-1.708974029499145;-1.708974029499145,-0.7500730604036034;-0.7500730604036034,0.20882790869193713;0.20882790869193713,1.1677288777874786;1.1677288777874786,2.126629846883019;2.126629846883019,3.08553081597856
-3.72125717481922,-3.1287592634396812;-3.1287592634396812,-2.536261352060142;-2.536261352060142,-1.943763440680603;-1.943763440680603,-1.351265529301064;-1.351265529301064,-0.7587676179215253;-0.7587676179215253,-0.16626970654198603;-0.16626970654198603,0.4262282048375532;0.4262282048375532,1.018726116217092;1.018726116217092,1.6112240275966307;1.6112240275966307,2.20372193897617
-3.79974791804902,-3.133119630668681;-3.133119630668681,-2.466491343288342;-2.466491343288342,-1.7998630559080029;-1.7998630559080029,-1.133234768527664;-1.133234768527664,-0.46660648114732517;-0.46660648114732517,0.20002180623301413;0.20002180623301413,0.8666500936133525;0.8666500936133525,1.5332783809936918;1.5332783809936918,2.199906668374031;2.199906668374031,2.86653495575437
-3.16894202368242,-2.6594610373292467;-2.6594610373292467,-2.149980050976074;-2.149980050976074,-1.6404990646229007;-1.6404990646229007,-1.1310180782697277;-1.1310180782697277,-0.6215370919165544;-0.6215370919165544,-0.11205610556338153;-0.11205610556338153,0.3974248807897913;0.3974248807897913,0.9069058671429646;0.9069058671429646,1.416386853496138;1.416386853496138,1.92586783984931
-5.40919987814323,-4.605460425059644;-4.605460425059644,-3.8017209719760583;-3.8017209719760583,-2.9979815188924723;-2.9979815188924723,-2.1942420658088864;-2.1942420658088864,-1.3905026127253004;-1.3905026127253004,-0.5867631596417144;-0.5867631596417144,0.21697629344187153;0.21697629344187153,1.0207157465254575;1.0207157465254575,1.8244551996090435;1.8244551996090435,2.62819465269263
-3.35044286020747,-2.3325278864135477;-2.3325278864135477,-1.314612912619626;-1.314612912619626,-0.2966979388257043;-0.2966979388257043,0.7212170349682179;0.7212170349682179,1.73913200876214;1.73913200876214,2.7570469825560613;2.7570469825560613,3.7749619563499834;3.7749619563499834,4.792876930143906;4.792876930143906,5.810791903937827;5.810791903937827,6.82870687773175
-11.5159485479891,-9.964954770582118;-9.964954770582118,-8.413960993175138;-8.413960993175138,-6.8629672157681565;-6.8629672157681565,-5.311973438361175;-5.311973438361175,-3.7609796609541934;-3.7609796609541934,-2.2099858835472137;-2.2099858835472137,-0.6589921061402322;-0.6589921061402322,0.8920016712667493;0.8920016712667493,2.442995448673731;2.442995448673731,3.99398922608071
-4.84271134320781,-4.076172219007083;-4.076172219007083,-3.309633094806356;-3.309633094806356,-2.5430939706056286;-2.5430939706056286,-1.7765548464049017;-1.7765548464049017,-1.0100157222041748;-1.0100157222041748,-0.243476598003447;-0.243476598003447,0.5230625261972799;0.5230625261972799,1.2896016503980068;1.2896016503980068,2.0561407745987337;2.0561407745987337,2.82267989879946
-3.72516156414699,-3.065645300326562;-3.065645300326562,-2.406129036506134;-2.406129036506134,-1.7466127726857061;-1.7466127726857061,-1.0870965088652782;-1.0870965088652782,-0.4275802450448505;-0.4275802450448505,0.23193601877557768;0.23193601877557768,0.8914522825960058;0.8914522825960058,1.5509685464164336;1.5509685464164336,2.2104848102368613;2.2104848102368613,2.87000107405729
-4.27576686967716,-3.578396583436197;-3.578396583436197,-2.8810262971952336;-2.8810262971952336,-2.1836560109542704;-2.1836560109542704,-1.4862857247133077;-1.4862857247133077,-0.7889154384723449;-0.7889154384723449,-0.09154515223138127;-0.09154515223138127,0.6058251340095815;0.6058251340095815,1.3031954202505442;1.3031954202505442,2.000565706491507;2.000565706491507,2.69793599273247
-5.23129061928944,-4.292347332994469;-4.292347332994469,-3.3534040466994974;-3.3534040466994974,-2.414460760404526;-2.414460760404526,-1.4755174741095551;-1.4755174741095551,-0.5365741878145842;-0.5365741878145842,0.4023690984803876;0.4023690984803876,1.3413123847753585;1.3413123847753585,2.2802556710703294;2.2802556710703294,3.2191989573653013;3.2191989573653013,4.15814224366027
-4.69180766687278,-4.007340336930277;-4.007340336930277,-3.322873006987774;-3.322873006987774,-2.638405677045271;-2.638405677045271,-1.9539383471027678;-1.9539383471027678,-1.2694710171602646;-1.2694710171602646,-0.5850036872177622;-0.5850036872177622,0.09946364272474106;0.09946364272474106,0.7839309726672443;0.7839309726672443,1.4683983026097476;1.4683983026097476,2.15286563255225
-4.13403819033502,-3.519446761144303;-3.519446761144303,-2.904855331953586;-2.904855331953586,-2.2902639027628693;-2.2902639027628693,-1.6756724735721522;-1.6756724735721522,-1.0610810443814351;-1.0610810443814351,-0.4464896151907185;-0.4464896151907185,0.16810181399999902;0.16810181399999902,0.7826932431907156;0.7826932431907156,1.3972846723814323;1.3972846723814323,2.01187610157215
-4.13992230456258,-3.373018846857808;-3.373018846857808,-2.606115389153036;-2.606115389153036,-1.839211931448264;-1.839211931448264,-1.072308473743492;-1.072308473743492,-0.30540501603872006;-0.30540501603872006,0.4614984416660519;0.4614984416660519,1.228401899370824;1.228401899370824,1.9953053570755959;1.9953053570755959,2.762208814780368;2.762208814780368,3.52911227248514
-5.80990944713217,-4.999860661426799;-4.999860661426799,-4.189811875721428;-4.189811875721428,-3.3797630900160573;-3.3797630900160573,-2.5697143043106863;-2.5697143043106863,-1.7596655186053152;-1.7596655186053152,-0.949616732899945;-0.949616732899945,-0.13956794719457388;-0.13956794719457388,0.6704808385107972;0.6704808385107972,1.4805296242161683;1.4805296242161683,2.29057840992154
-4.81984888490797,-3.9934286237061993;-3.9934286237061993,-3.1670083625044283;-3.1670083625044283,-2.3405881013026573;-2.3405881013026573,-1.5141678401008862;-1.5141678401008862,-0.6877475788991152;-0.6877475788991152,0.13867268230265584;0.13867268230265584,0.9650929435044269;0.9650929435044269,1.791513204706198;1.791513204706198,2.617933465907969;2.617933465907969,3.44435372710974
-3.95079048299837,-3.268858644610478;-3.268858644610478,-2.586926806222586;-2.586926806222586,-1.904994967834694;-1.904994967834694,-1.223063129446802;-1.223063129446802,-0.5411312910589099;-0.5411312910589099,0.14080054732898217;0.14080054732898217,0.8227323857168742;0.8227323857168742,1.5046642241047663;1.5046642241047663,2.1865960624926584;2.1865960624926584,2.86852790088055
-3.1008777881992,-2.438640109684661;-2.438640109684661,-1.7764024311701219;-1.7764024311701219,-1.114164752655583;-1.114164752655583,-0.45192707414104394;-0.45192707414104394,0.21031060437349502;0.21031060437349502,0.872548282888034;0.872548282888034,1.534785961402573;1.534785961402573,2.197023639917112;2.197023639917112,2.859261318431651;2.859261318431651,3.52149899694619
-4.61279816613386,-3.950591750702344;-3.950591750702344,-3.2883853352708283;-3.2883853352708283,-2.6261789198393126;-2.6261789198393126,-1.9639725044077965;-1.9639725044077965,-1.3017660889762803;-1.3017660889762803,-0.6395596735447646;-0.6395596735447646,0.022646741886751087;0.022646741886751087,0.6848531573182672;0.6848531573182672,1.3470595727497834;1.3470595727497834,2.0092659881813
-1.45596329199339,-1.014407683831952;-1.014407683831952,-0.5728520756705141;-0.5728520756705141,-0.1312964675090762;-0.1312964675090762,0.3102591406523618;0.3102591406523618,0.7518147488137998;0.7518147488137998,1.1933703569752376;1.1933703569752376,1.6349259651366759;1.6349259651366759,2.0764815732981137;2.0764815732981137,2.5180371814595515;2.5180371814595515,2.95959278962099
